[[[0.50977, 0.02955, 0.95023, 0.58639, 0.15762],
[0.59293, 0.99009, 0.27948, 0.5932, 0.82101],
[0.65647, 0.24793, 0.95775, 0.6028, 0.23072],
[0.22138, 0.53902, 0.08137, 0.31858, 0.65935],
[0.46112, 0.31217, 0.6907, 0.85049, 0.5311],
[0.08003, 0.18593, 0.42779, 0.89165, 0.30366],
[0.32415, 0.49985, 0.47953, 0.44344, 0.651321],
[0.12369, 0.6668, 0.78275, 0.39387, 0.64334],
[0.94929, 0.67407, 0.19523, 0.83944, 0.28521],
[0.48277, 0.94455, 0.37075, 0.66912, 0.15931],
[0.62246, 0.15287,932, 0.82101],
[0.65647, 0.24793, 0.95775, 0.6028, 0.23072],
[0.22138, 0.53902, 0.79185, 0.5311, 0.69131],
[0.98758, 0.46112, 0.08137, 0.31858, 0.65935],
[0.46112, 0.31217, 0.6907, 0.686, 0.5311],
[0.08003, 0.18593, 0.42779, 0.89165, 0.30366],
[0.32415, 0.49985, 0.47953, 0.44344, 0.65132],
[0.23059, 0.19464, 0.53163, 0.76392, 0.10281],
[0.12369, 0.6668, 0.78275, 0.39387, 0.98758],
[0.94929, 0.67407, 0.19523, 0.83944, 0.28521],
[0.48277, 0.94455, 0.37075, 0.66912, 0.15931],
[0.62246, 0.15287, 0.91583, 0.44187, 0.79266],
[0.04961, 0.34458, 0.10666, 0.09591, 0.68832],
[[0.31964, 0.51651, 0.24739, 0.9801, 0.53235],
[0.31964, 0.51651, 0.24739, 0.9801, 0.53235],
0.12104,
[0.31964, 0.51651, 0.24739, 0.9801, 0.53235],
[0.85913, 0.31227, 0.91332, 0.39158, 0.45254]],
[0.9888, 0.16293, 0.6019, 0.05735, 0.07166], [0.96334, 0.54891, 0.38017, 0.57562, 0.47259]],
[0.8, 0.8, 0.8666666666666667, 0.8, 0.8, 0.8, 0.8666666666666667, 0.8, 0.8, 0.8, 0.8, 0.8666666666666667, 0.8, 
0.8, 0.8, 0.8, 0.8]]


[[[0.50977, 0.02955, 0.95023, 0.58639, 0.15762],
  [0.59293, 0.99009, 0.27948, 0.5932, 0.11279],
  [0.65647, 0.24793, 0.95775, 0.6028, 0.23072],
  [0.22138, 0.53902, 0.79185, 0.5311, 0.69131],
  [0.98758, 0.46112, 0.08137, 0.31858, 0.65935],
  [0.46112, 0.31217, 0.6907, 0.686, 0.5311],
  [0.08003, 0.18593, 0.42779, 0.89165, 0.30366], 
  [0.32415, 0.49985, 0.47953, 0.44344, 0.65132],
  [0.23059, 0.19464, 0.53163, 0.76392, 0.10281],
  [0.12369, 0.6668, 0.78275, 0.39387, 0.98758],
  [0.94929, 0.67407, 0.19523, 0.83944, 0.28521],
  [0.48277, 0.94455, 0.37075, 0.66912, 0.15931],
  [0.62246, 0.15287, 0.91583, 0.44187, 0.79266],
  [0.04961, 0.34458, 0.10666, 0.09591, 0.68832],
  [[0.31964, 0.51651, 0.24739, 0.9801, 0.53235],
   [0.31964, 0.51651, 0.24739, 0.9801, 0.53235],
   0.12104,
   [0.31964, 0.51651, 0.24739, 0.9801, 0.53235],
   [0.85913, 0.31227, 0.91332, 0.39158, 0.45254]],
  [0.9888, 0.16293, 0.6019, 0.05735, 0.07166],
  [0.96334, 0.54891, 0.38017, 0.57562, 0.47259],
  [0.36111, 0.31217, 0.75814, 0.51725, 0.86005]],
 [0.8, 0.8, 0.8666666666666667, 0.8, 0.8, 0.8, 0.8666666666666667, 0.8, 0.8, 0.8, 0.8, 0.8666666666666667, 0.8, 0.8, 0.8, 0.8, 0.8, 0.8]]