[Epoch  1/ 5]
P1 Score : 18, AI score : 30
Move History : [2, 6, 5, 7, 3, 11, 4, 7, 3, 8, 4, 9, 0, 6, 4, 6, 1, 10, 2, 8, 3, 11, 1, 6, 3, 7, 5, 7, 2, 6, 0, 8, 3, 10, 1, 9, 3, 10, 5, 6, 0, 9, 3, 7, 1, 11, 2, 6, 5, 6, 1, 7, 4, 8, 2, 11, 3, 8, 0, 7, 4, 6, 1, 7, 5, 7, 2, 9, 3, 6, 4, 10, 3, 7, 2, 11, 3, 8, 2, 11, 4, 6, 5, 7, 3, 6, 1, 8, 4, 9, 2, 7, 5, 6, 3, 8, 4, 11, 5]
Score Track : [-2, 1, 36, 36, 44, 38, 25, 27, 27, -8, 28, -16, -25, 2, 0, 0, 16, 3, -17, 12, 24, 31, 30, -3, -3, -21, 3, 24, 11, 9, 12, -5, 16, 12, 21, 8, 2, -16, -6, -10, 5, 8, 7, 6, 2, -1, 11, 3, 2]

[Epoch  2/ 5]
P1 Score : 20, AI score : 28
Move History : [3, 6, 4, 9, 1, 11, 3, 7, 2, 9, 3, 6, 5, 8, 1, 11, 3, 9, 4, 11, 2, 6, 0, 7, 0, 11, 0, 9, 5, 9, 3, 8, 2, 6, 0, 8, 3, 7, 4, 9, 1, 11, 1, 10, 1, 6, 4, 9, 3, 11, 1, 8, 2, 8, 0, 6, 4, 10, 0, 9, 1, 6, 3, 11, 1, 6, 4, 7, 3, 8, 2, 10, 5, 8, 1, 9, 2, 10, 4, 9, 3, 7, 4, 10, 1, 8, 2, 10, 5, 8, 3, 7, 4, 9, 5]
Score Track : [-6, -2, 34, -11, -3, -2, 17, 7, 15, 28, 28, 22, 27, 21, 46, 41, 44, 56, 52, 44, 10, 9, -11, -8, 2, -3, 4, 0, -6, -9, 0, -4, -8, -2, -26, -16, -11, -17, -11, 17, 7, -12, -8, -8, 12, 12, 12]

[Epoch  3/ 5]
P1 Score : 30, AI score : 18
Move History : [4, 9, 3, 8, 2, 11, 3, 6, 0, 7, 0, 6, 4, 11, 1, 9, 3, 7, 4, 11, 5, 10, 1, 8, 1, 6, 0, 6, 2, 11, 1, 6, 4, 9, 1, 10, 3, 6, 5, 11, 4, 6, 1, 7, 1, 8, 2, 9, 5]
Score Track : [-2, 36, 3, 2, 4, 15, 19, 13, 13, 2, 32, 25, 2, 16, 30, -10, -9, 2, 4, 8, 4, 12, -14, 1]

[Epoch  4/ 5]
P1 Score : 17, AI score : 31
Move History : [2, 7, 1, 11, 1, 10, 5, 9, 0, 11, 3, 6, 4, 8, 4, 11, 0, 10, 5, 6, 1, 10, 3, 6, 2, 7, 5, 8, 1, 7, 2, 10, 1, 6, 0, 11, 2, 9, 1, 6, 4, 8, 2, 6, 0, 10, 3, 10, 4, 9, 2, 8, 1, 9, 2, 11, 1, 10, 2, 11, 3, 6, 0, 7, 0, 11, 4, 8, 1, 10, 2, 11, 3, 9, 4, 11, 5, 11, 1, 9, 2, 6, 3, 7, 4, 8, 5]
Score Track : [-2, -6, -16, 24, 18, 19, 42, 25, 22, 13, 7, 14, -1, 5, 20, 20, 10, 9, -9, -8, -5, -5, -3, -1, 8, 3, 7, 25, 25, -1, 2, 0, -12, -8, -6, -8, 13, 12, 8, 9, 7, 7, 7]

[Epoch  5/ 5]
P1 Score : 28, AI score : 20
Move History : [2, 9, 4, 7, 1, 6, 4, 9, 2, 7, 5, 10, 5, 11, 1, 8, 2, 7, 4, 7, 0, 6, 1, 7, 5, 6, 4, 10, 2, 9, 2, 7, 0, 11, 3, 8, 4, 11, 1, 6, 0, 10, 4, 9, 5, 6, 2, 6, 1, 7, 0, 10, 5, 9, 4, 11, 1, 6, 2, 7, 0, 6, 2, 7, 3, 10, 4, 8, 4, 6, 2, 7, 0, 9, 3, 10, 5, 7, 0, 6, 4, 7, 1, 8, 5, 9, 0, 11, 0, 7, 2, 6, 4, 6, 5, 6, 1, 7, 3, 8, 4]
Score Track : [-2, 11, 3, 5, 7, 20, 13, -6, 9, 6, -14, -23, 3, 0, -9, -5, -1, 20, 11, 6, 3, 3, 5, 9, 9, -9, 5, 7, -6, -2, -6, -6, 4, 6, 1, -1, -13, -5, 15, 15, 11, -7, 15, 26, 12, -5, 17, 19, 13, 8]

P1 wins:  2, Tie :  0, Agent wins :  3