[Epoch  1/10]
P1 Score : 31, AI score : 17
Move History : [1, 8, 0, 7, 1, 6, 3, 11, 4, 6, 0, 11, 5, 11, 1, 10, 1, 9, 1, 6, 2, 7, 3, 6, 1, 8, 3, 7, 5, 6, 0, 7, 3, 8, 5, 9, 2, 6, 5, 11, 3, 8, 0, 9, 2, 7, 3, 10, 0, 11, 0, 6, 4, 6, 1, 6, 5, 10, 2, 8, 5, 10, 3, 6, 5, 9, 0, 10, 4, 6, 5, 11, 2, 7, 1, 6, 4, 6, 2, 10, 5, 8, 4, 11, 1, 6, 5, 6, 0, 7, 2, 11, 1, 8, 0, 10, 2, 11, 3, 6, 4]
Score Track : [-8, -5, 43, 26, 4, 3, 14, 33, -8, -20, -21, 3, 10, 11, 27, 40, 36, 17, 15, 16, 2, 24, 27, 23, -35, 2, 4, -6, 3, 23, 10, 21, 21, 11, 16, 18, 5, -4, -2, -2, 7, 1, 18, -1, -1, -5, -7, -7, 13, -2]

[Epoch  2/10]
P1 Score : 12, AI score : 36
Move History : [1, 8, 2, 6, 0, 7, 2, 8, 4, 11, 3, 8, 2, 6, 1, 7, 3, 11, 4, 7, 0, 6, 3, 9, 3, 6, 5, 8, 1, 6, 4, 9, 3, 8, 5, 7, 1, 6, 4, 8, 5, 9, 0, 10, 1, 11, 1, 6, 2, 8, 3, 10, 4, 8, 5, 9, 2, 6, 4, 7, 1, 8, 2, 9, 4, 6, 5, 7, 0, 6, 4, 7, 5, 11, 3, 8, 4, 6, 2, 10, 3, 9]
Score Track : [-8, 1, -10, -10, 16, 17, 22, 19, 28, 24, 20, 17, 15, -3, 24, 30, 50, 41, 37, 5, 58, 62, 14, -10, -1, 6, 13, 24, 9, 12, 26, 27, 30, 32, 15, 9, 21, 9, 23, 23, -3]

[Epoch  3/10]
P1 Score : 18, AI score : 30
Move History : [5, 10, 2, 6, 3, 8, 3, 10, 0, 9, 2, 11, 0, 6, 1, 10, 5, 6, 2, 10, 0, 7, 4, 11, 5, 6, 3, 11, 1, 10, 5, 6, 4, 6, 0, 7, 5, 11, 0, 9, 0, 6, 5, 7, 2, 6, 3, 6, 4, 9, 1, 7, 5, 6, 2, 8, 1, 7, 2, 6, 3, 6, 5, 10, 1, 6, 0, 7, 0, 10, 2, 8, 1, 9, 4, 10, 1, 11, 3, 9, 5, 6, 4, 9, 2, 10, 4, 7, 5, 6, 3, 7, 4, 8, 1, 9, 5, 6, 2, 11, 2, 10]
Score Track : [-6, 9, 18, 14, 8, 13, -5, -5, 10, -12, -6, -36, 40, 41, 20, 21, 24, 25, 26, 22, 40, 42, 23, 8, 23, 28, 13, 16, 27, 9, 18, 24, 5, 3, -15, -12, -12, -9, 8, 7, 5, 1, 11, 5, 9, 9, -10, 4, 8, 8, -3]

[Epoch  4/10]
P1 Score : 22, AI score : 26
Move History : [1, 8, 3, 11, 1, 7, 0, 11, 0, 9, 2, 8, 0, 10, 3, 6, 5, 8, 4, 6, 1, 8, 2, 7, 1, 10, 1, 8, 3, 8, 0, 7, 3, 9, 2, 10, 4, 11, 2, 8, 3, 9, 5, 6, 0, 9, 4, 8, 3, 9, 1, 7, 2, 11, 4, 6, 3, 9, 4, 7, 1, 10, 5, 10, 2, 7, 3, 6, 4, 11, 5]
Score Track : [-8, 3, 1, -8, -10, 14, 17, -6, 15, 27, 8, 5, 36, 31, 33, 31, 2, -12, 20, -7, -12, 12, 15, 16, 21, 16, 16, 9, -9, -6, -6, 5, 6, 2, 4]

[Epoch  5/10]
P1 Score : 32, AI score : 16
Move History : [4, 6, 3, 6, 1, 11, 1, 10, 3, 11, 4, 7, 3, 10, 1, 8, 2, 9, 4, 10, 3, 8, 0, 7, 1, 6, 2, 9, 5, 6, 4, 6, 1, 8, 3, 6, 5, 8, 0, 9, 2, 11, 4, 8, 1, 6, 5, 9, 0, 11, 4, 6, 5, 6, 3, 7, 4, 8, 3, 10, 4, 7, 2, 7, 1, 6, 5, 7, 4, 10, 2, 8, 5, 11, 1, 9, 2, 11, 0, 10, 2, 6, 1, 7, 2, 8, 3, 11, 4]
Score Track : [-2, 8, -9, 25, 19, 20, 14, 18, 17, 11, 1, -9, 42, 41, 18, 25, 15, 21, 32, 34, 42, 14, 16, 21, 24, 20, 9, 10, -1, 3, -7, -2, 2, 5, -17, -14, 10, 23, 9, 5, 3, 4, -21, -4]

[Epoch  6/10]
P1 Score : 31, AI score : 17
Move History : [2, 9, 0, 10, 4, 9, 3, 6, 0, 7, 2, 6, 0, 9, 4, 6, 3, 8, 5, 6, 1, 6, 3, 9, 0, 11, 3, 7, 4, 11, 3, 7, 5, 6, 1, 10, 2, 7, 3, 9, 5, 8, 0, 11, 2, 6, 0, 7, 3, 6, 1, 10, 4, 6, 0, 7, 2, 9, 3, 6, 5, 7, 1, 9, 4, 7, 3, 6, 0, 7, 5, 6, 2, 8, 0, 10, 0, 9, 4, 11, 1, 6, 5, 7, 3]
Score Track : [-2, 11, 8, -1, -7, 26, 14, 26, 16, 32, 26, 26, 45, 14, 12, 32, 47, 27, 12, 11, 9, 27, 18, 31, 24, 25, -6, -11, -17, 8, 16, -5, 6, 1, 4, 34, 5, 23, -10, -3, 3, 5]

[Epoch  7/10]
P1 Score : 32, AI score : 16
Move History : [5, 9, 4, 6, 2, 11, 0, 6, 5, 6, 2, 9, 4, 6, 1, 6, 4, 7, 4, 11, 3, 10, 4, 8, 5, 7, 2, 7, 1, 6, 1, 7, 5, 8, 3, 9, 2, 10, 3, 11, 3, 6, 0, 6, 3, 7, 5, 8, 4, 8, 2, 7, 3, 8, 4, 6, 5, 8, 1, 9, 1, 6, 3, 7, 2, 10, 1, 8, 5, 11, 0, 8, 4, 9, 1, 10, 5, 11, 2, 6, 3]
Score Track : [-6, 45, 18, 17, 19, 37, 21, 21, 8, 7, 21, 19, 33, 38, 6, 8, 7, 16, 17, 2, 0, 21, 18, 25, 25, 23, -15, 15, 25, 6, 9, 11, -22, 2, 9, 11, 10, 12, -2, 10]

[Epoch  8/10]
P1 Score :  6, AI score : 42
Move History : [4, 11, 0, 7, 3, 6, 4, 7, 1, 6, 3, 11, 5, 11, 4, 7, 2, 6, 3, 8, 4, 11, 5, 9, 3, 8, 5, 7, 4, 9, 1, 8, 5, 10, 5, 6]
Score Track : [-2, 42, 37, 26, 50, 57, 22, 39, 35, 36, 40, 25, 26, 33, 47, 42, 41, 15]

[Epoch  9/10]
P1 Score : 27, AI score : 21
Move History : [0, 9, 1, 7, 3, 10, 0, 6, 0, 9, 3, 8, 2, 6, 4, 7, 2, 11, 0, 9, 5, 10, 0, 8, 0, 11, 0, 6, 2, 6, 5, 9, 0, 11, 3, 7, 5, 8, 4, 6, 1, 9, 4, 7, 2, 8, 1, 10, 4, 7, 2, 9, 0, 8, 2, 9, 3, 11, 3, 9, 0, 7, 1, 8, 4, 6, 5, 9, 3, 11, 1, 7, 5, 10, 0, 8, 5, 10, 3, 6, 4, 6, 0, 10, 2, 8, 1, 6, 4, 11, 0, 7, 5, 6, 0, 11, 0, 7, 1, 8, 3, 9, 3, 10, 3, 6, 0, 7, 2, 6, 5, 6, 3, 11, 2, 8, 4, 10, 1, 6, 2, 9, 0, 10, 1, 7, 3, 6, 5, 9, 4, 10, 5, 6, 2, 7, 0, 8, 1, 11, 1, 9, 0, 10, 1, 11]
Score Track : [47, 3, 3, -6, -10, -10, 18, 29, 36, 32, 35, 4, 11, 2, 8, -2, -6, -8, -36, 24, 10, 31, 6, 8, 0, -18, -18, -18, 13, -4, -1, -4, 19, 9, 5, -4, 13, 33, -10, 13, 24, 27, 20, 9, -1, 9, 10, 10, 8, 8, 11, 8, 2, 18, 18, 20, -1, -1, 11, 1, 2, 14, 8, 8, 9, -7, 9, 9, -3, -3, -3, -3, -3]

[Epoch 10/10]
P1 Score : 20, AI score : 28
Move History : [1, 8, 3, 7, 0, 10, 5, 6, 4, 8, 3, 6, 2, 8, 5, 7, 4, 11, 4, 6, 2, 10, 3, 6, 0, 9, 1, 11, 5, 9, 4, 8, 0, 6, 5, 9, 2, 10, 2, 7, 3, 9, 1, 11, 1, 7, 5, 6, 0, 11, 0, 7, 1, 10, 0, 8, 1, 9, 2, 6, 0, 10, 4, 11, 0, 7, 3, 7, 2, 8, 1, 10, 5, 6, 4, 6, 3, 8, 2, 9, 3, 7, 5, 7, 4, 10, 5, 8, 0, 11, 2, 10, 1, 6, 2, 11]
Score Track : [-8, 3, -1, 51, 20, 46, 33, 44, 38, 20, 25, 10, 12, 34, 1, 4, 7, 7, 18, 11, 14, 9, 5, 9, 0, -5, -12, -12, -12, 12, 14, 13, 1, 7, 10, -4, 12, 9, 9, 9, 1, 9, 7, 11, 11, 6, 6, 9]

P1 wins:  5, Tie :  0, Agent wins :  5