[Epoch  1 /  5]
P1 Score : 26, AI score : 22
Move History : [5, 6, 1, 7, 4, 7, 2, 8, 0, 10, 4, 8, 5, 10, 3, 6, 5, 11, 0, 6, 3, 7, 5, 6, 1, 7, 0, 8, 4, 11, 2, 6, 5, 6, 4, 10, 2, 9, 1, 6, 2, 7, 0, 8, 0, 9, 3, 8, 2, 11, 5, 6, 1, 6, 4, 10, 1, 11, 2, 7, 5, 8, 3, 11, 0, 8, 1, 10, 3, 9, 4, 11, 5, 10, 2, 11]
Score Track : [1.4000000000000001, 2.45, 2.8000000000000003, 9.1, 3.6000000000000005, 12.75, 14.850000000000001, 12.05, 12.05, 16.75, 3.75, 21.5, 1.25, 22.25, 20.15, 40.0, 40.0, 18.35, 11.55, 2.1000000000000005, -0.3500000000000002, -8.45, -8.45, 3.05, 7.85, 6.95, 6.45, 7.7, 1.2500000000000002, 1.2000000000000002, -0.24999999999999972, 4.95, -11.5, -11.5, -24.0, 2.65, -4.5, -4.5]

[Epoch  2 /  5]
P1 Score : 32, AI score : 16
Move History : [2, 9, 5, 7, 3, 10, 0, 6, 5, 6, 3, 11, 0, 7, 3, 6, 5, 10, 2, 6, 0, 11, 1, 6, 0, 8, 2, 7, 0, 10, 5, 9, 4, 10, 2, 11, 0, 6, 5, 9, 3, 11, 1, 10, 4, 6, 0, 7, 1, 9, 2, 6, 4, 7, 3, 8, 4, 11, 5, 6, 0, 10, 0, 7, 1, 8, 2, 9, 4, 10, 1, 11]
Score Track : [4.0, 7.0, 8.6, 12.65, 10.25, 7.85, 1.0, 3.0500000000000003, 3.65, 10.3, 3.8000000000000003, 2.35, 4.5, -3.6999999999999993, 14.549999999999999, 6.95, 3.299999999999999, 2.8499999999999996, -7.9, -9.1, 7.0, -18.0, 1.3, 1.9, 7.0, 2.0, 6.5, 7.15, 7.05, 5.15, 4.5, 3.85, -5.0, -5.0, -10.0, -12.0]

[Epoch  3 /  5]
P1 Score : 21, AI score : 27
Move History : [5, 11, 1, 7, 3, 8, 0, 9, 1, 6, 5, 10, 2, 6, 0, 7, 3, 9, 2, 7, 4, 7, 5, 8, 4, 6, 2, 7, 3, 10, 1, 11, 3, 6, 1, 8, 2, 9, 1, 10, 4, 11, 3, 7, 5, 11, 4, 9, 0, 6, 1, 8, 4, 7, 3, 8, 2, 10, 2, 6, 4, 11, 3, 6, 1, 7, 5, 6, 1, 7, 0, 10, 2, 7, 5, 11, 0, 8, 0, 11, 1, 10, 4, 8, 2, 9, 4, 6, 5, 10, 3, 6, 5, 11, 4, 6, 5]
Score Track : [1.4000000000000001, 2.7, 8.7, 11.15, 6.8, 6.65, 0.8000000000000005, 4.15, 6.65, 6.5, 18.65, 16.35, 14.999999999999998, 14.999999999999998, 13.7, 13.25, -0.7499999999999998, 1.8499999999999999, 7.2, -0.15000000000000013, -4.8, -7.2, -1.8000000000000007, 9.75, 13.049999999999999, 23.5, 0.2, -2.2, 9.2, 0.2, 1.1000000000000003, -4.3, -5.0, -1.0499999999999996, -1.0499999999999996, 1.6500000000000001, 0.4, 2.9000000000000004, 0.8, -2.2, 1.5, 1.55, 1.55, 6.15, 2.3000000000000003, 8.9, 12.8, 10.0]

[Epoch  4 /  5]
P1 Score : 25, AI score : 23
Move History : [0, 11, 0, 6, 2, 9, 5, 6, 1, 10, 0, 8, 5, 7, 0, 11, 3, 7, 2, 8, 4, 11, 3, 6, 2, 7, 1, 6, 0, 9, 3, 10, 1, 6, 4, 10, 5, 10, 3, 7, 0, 11, 1, 9, 3, 11, 0, 8, 1, 9, 0, 10, 3, 11]
Score Track : [17.85, 18.6, 0.7500000000000002, 1.7, 5.65, -4.3999999999999995, -1.0499999999999998, -1.15, 5.0, 6.4, 13.799999999999999, 11.8, 9.55, 7.25, 7.15, 9.1, -1.7500000000000002, 5.3500000000000005, 1.55, 11.75, 0.34999999999999964, -22.0, -26.5, -19.0, -28.5, -28.5, -16.0]

[Epoch  5 /  5]
P1 Score : 15, AI score : 33
Move History : [3, 9, 1, 11, 3, 7, 4, 6, 5, 6, 1, 11, 2, 6, 0, 10, 0, 6, 1, 9, 3, 7, 4, 11, 1, 6, 2, 7, 3, 6, 4, 7, 0, 8, 2, 7, 5, 11, 3, 6, 0, 7, 5, 6, 1, 6, 5, 6, 3, 10, 4, 9, 3, 6, 2, 7, 0, 11, 0, 6, 4, 8, 5, 6, 1, 6, 3, 7, 5, 6, 0, 8, 3, 7, 2, 11, 3, 8, 4, 8, 5]
Score Track : [1.4000000000000001, 3.3, 4.2, 15.399999999999999, 11.200000000000001, 19.7, 12.05, 11.950000000000001, 5.5, 4.55, 14.4, 3.85, 0.1000000000000002, 2.65, 3.4, 5.3, 5.3, 2.45, 16.05, 13.4, 17.85, 12.900000000000002, 17.3, 18.65, 10.0, -5.15, 0.8, 3.4000000000000004, 5.6, 11.85, 2.1000000000000005, 11.200000000000001, 21.95, 9.5, 14.15, 6.9, -0.9000000000000001, 1.0, 21.0, 21.0]

P1 wins:  3, Tie :  0, Agent wins :  2