[Epoch  1/30]
P1 Score : 12, AI score : 36
Move History : [0, 10, 2, 6, 1, 11, 0, 6, 2, 7, 4, 8, 4, 9, 4, 6, 3, 10, 5, 7, 1, 9, 2, 9, 0, 9, 3, 8, 4, 7, 2, 10, 2, 6, 2, 7, 3, 8, 4, 9, 0, 6, 5, 7, 1, 6, 2, 11, 3, 8, 5, 6, 0, 8, 2, 7, 5, 6, 0, 8, 3, 11, 0, 10, 1, 8, 3, 11, 4, 6, 5, 11, 2, 8, 4, 6, 5, 6, 3, 11, 4, 7, 5, 10, 2, 9]
Score Track : [47, -11, -11, -28, -35, 27, 17, -10, 2, 39, 40, 9, 17, 19, 36, 34, 29, 14, 37, 30, 27, 38, 40, 42, 3, 24, 26, 27, 29, 37, 37, 33, -3, -2, 27, 9, 10, 15, 6, 5, 5, 18, 11]

[Epoch  2/30]
P1 Score : 11, AI score : 37
Move History : [1, 7, 3, 7, 2, 10, 1, 6, 4, 11, 2, 6, 0, 10, 4, 8, 4, 10, 0, 11, 5, 10, 2, 7, 3, 7, 1, 7, 5, 8, 3, 9, 3, 10, 0, 6, 3, 7, 2, 6, 5, 8, 3, 6, 0, 7, 4, 9, 0, 7, 5, 10, 0, 8, 1, 7, 4, 6, 2, 7, 5, 7, 4, 6, 5, 6, 3, 6, 4, 7, 5]
Score Track : [-8, -6, -6, 20, 16, 8, 7, 10, 5, -14, 34, 23, 34, 19, 29, 30, 13, 17, 0, 10, 9, 9, 3, 29, 28, 34, 31, 24, 20, 20, 24, 24, 24, 24, 24]

[Epoch  3/30]
P1 Score : 15, AI score : 33
Move History : [2, 6, 0, 7, 4, 11, 2, 6, 0, 7, 4, 10, 3, 6, 1, 8, 0, 11, 5, 6, 0, 10, 0, 9, 1, 10, 4, 7, 2, 6, 5, 8, 5, 10, 3, 11, 3, 7, 2, 11, 3, 6, 1, 6, 3, 10, 1, 11, 4, 10, 1, 9, 3, 6, 4, 7, 0, 6, 4, 10, 5, 6, 0, 7, 2, 6, 3, 11, 0, 6, 2, 9, 0, 11, 0, 10, 1, 11, 0, 9, 3, 10, 5, 10, 2, 9, 5, 7, 3, 9, 4, 7, 5]
Score Track : [-2, -13, 42, 33, 32, 34, 21, 11, -9, 38, 47, 48, -10, 20, 0, 18, -4, 32, 26, 20, 16, 8, 12, 15, 16, 16, -5, 7, 36, 15, 46, 50, 34, 24, 11, 47, 30, 9, 6, -3, 7, -4, -3, 18, 28, 28]

[Epoch  4/30]
P1 Score : 24, AI score : 24
Move History : [5, 10, 0, 6, 1, 11, 2, 6, 5, 7, 4, 8, 1, 6, 2, 8, 0, 11, 3, 9, 5, 11, 2, 6, 4, 8, 3, 6, 0, 10, 5, 10, 2, 9, 4, 6, 1, 11, 5, 6, 2, 7, 2, 6, 0, 7, 3, 6, 1, 10, 5, 9, 4, 9, 1, 6, 5, 6, 2, 7, 1, 11, 1, 10, 3, 9, 1, 8, 0, 9, 2, 7, 4, 8, 5, 9, 1, 6, 2, 11, 0, 7, 1, 10, 1, 8, 0, 11, 3, 9, 5, 7, 1, 8, 4, 9, 2, 6, 5, 6, 4, 11, 0, 10, 5, 6, 2, 7, 3, 8, 4, 11, 1, 9, 5, 6, 2, 10, 3, 11, 1, 7, 0, 8, 2, 9, 5, 6, 3, 11, 0, 7, 1, 10, 2, 8, 3, 11, 0, 9, 5, 6, 4, 6, 5, 10, 1, 11, 0, 6, 2, 7, 3, 8, 4, 9, 1, 11, 0, 10, 1, 11]
Score Track : [-6, 51, 51, -19, -19, 9, 31, -9, -8, 26, 1, -2, 9, 15, 15, 24, 21, 17, 13, 10, -1, -3, -16, 8, -3, 12, 14, 16, 12, 4, -14, -21, -11, -11, -16, 13, -4, 19, 10, 10, 22, 14, 16, 18, 10, 15, 4, 2, 2, 8, 8, -4, 5, 8, -8, -4, -6, 6, 6, 6, 1, -6, -6, 7, 1, -2, -6, 0, 0, -6, 10, 3, 6, 4, 6, 3, -4, -4, -4, -4, -4]

[Epoch  5/30]
P1 Score : 34, AI score : 14
Move History : [2, 7, 4, 6, 1, 7, 0, 8, 3, 11, 4, 10, 5, 7, 4, 6, 2, 7, 3, 9, 4, 10, 5, 8, 2, 9, 1, 9, 0, 11, 0, 8, 2, 9, 5, 6, 4, 6, 1, 10, 1, 7, 3, 6, 5]
Score Track : [-2, 38, 6, 3, 31, 3, 42, 36, 42, 37, 26, 22, 25, 16, 27, 7, 15, 19, 19, -3, -8, 14]

[Epoch  6/30]
P1 Score : 31, AI score : 17
Move History : [5, 7, 0, 10, 2, 7, 3, 8, 4, 6, 0, 11, 5, 7, 3, 10, 5, 6, 4, 8, 5, 9, 3, 10, 4, 11, 4, 6, 3, 7, 1, 9, 4, 11, 0, 7, 3, 8, 0, 11, 5, 7, 0, 10, 4, 8, 0, 9, 5, 6, 2, 8, 5, 7, 4, 6, 0, 10, 1, 6, 5, 9, 3, 7, 4, 6, 5, 6, 2, 7, 0, 11, 5, 8, 2, 9, 1, 10, 0, 11, 4, 8, 5]
Score Track : [-6, 52, 31, 35, 45, 49, 8, 20, 31, 38, 34, 13, 9, -13, -10, 9, 9, 5, -21, -21, 16, 16, -27, -27, 14, 22, 23, 24, 21, 9, 12, 22, 19, 21, 25, 7, 7, -7, -1, -3, 14]

[Epoch  7/30]
P1 Score : 17, AI score : 31
Move History : [4, 11, 2, 8, 4, 9, 3, 11, 4, 10, 3, 6, 1, 7, 4, 6, 5, 11, 3, 10, 4, 7, 0, 11, 0, 9, 4, 6, 5, 9, 3, 6, 4, 10, 5, 11, 2, 6, 5, 6, 4, 9, 3, 7, 5, 6, 2, 10, 3, 8, 2, 7, 3, 8, 4, 9, 5, 11, 3, 7, 1, 6, 3, 8, 2, 7, 3, 8, 0, 9, 4, 8, 1, 6, 5, 6, 2, 11, 0, 10]
Score Track : [-2, 5, 2, 8, -2, -15, -11, -31, 3, 24, 2, 13, 20, -2, 9, 6, 7, 4, 10, 0, 7, 15, 6, 6, 12, 5, -7, -7, 14, 4, 4, -5, -2, -3, -3, 12, 9, 12, 1, 1]

[Epoch  8/30]
P1 Score : 28, AI score : 20
Move History : [2, 6, 3, 6, 0, 7, 1, 6, 0, 7, 5, 11, 5, 9, 4, 9, 1, 10, 0, 11, 1, 8, 2, 8, 1, 6, 3, 8, 2, 9, 5, 9, 3, 6, 4, 6, 5, 6, 1, 11, 1, 7, 0, 6, 1, 11, 0, 7, 1, 8, 5, 9, 1, 6, 2, 9, 0, 10, 3, 6, 1, 9, 5, 6, 4, 10, 2, 6, 5, 6, 4, 11, 2, 8, 3, 11, 4, 9, 5, 6, 0, 10, 0, 7, 0, 9, 2, 8, 5, 9, 3, 10, 5, 11, 1, 6, 4, 8, 5, 6, 2, 9, 5, 10, 0, 8, 3, 7, 1, 8, 5, 9, 4, 11, 0, 10, 5, 11, 0, 6, 2, 7, 1, 8, 2, 9, 4, 6, 3, 6, 4, 7, 5]
Score Track : [-2, 2, -9, -4, -15, 22, 8, 44, 11, 29, -16, -11, -15, 8, 2, 9, 10, 22, 25, 28, 29, 39, 32, -7, -8, 33, 27, 22, 41, 3, -1, 22, 30, 26, 15, 5, -4, 9, 7, 9, 12, 9, 17, 10, -10, -14, 7, 4, 5, 10, -4, 11, 7, 1, -5, 9, 3, -7, 6, 6, -3, -3, -3, -1, -1, -1]

[Epoch  9/30]
P1 Score : 18, AI score : 30
Move History : [3, 10, 5, 6, 2, 6, 0, 6, 1, 9, 5, 6, 3, 10, 5, 11, 4, 8, 3, 6, 5, 10, 2, 11, 2, 7, 5, 6, 4, 8, 0, 6, 2, 7, 4, 8, 0, 10, 1, 7, 2, 10, 5, 6, 4, 9, 5, 11, 1, 8, 3, 6, 2, 8, 0, 6, 2, 11, 5, 10, 0, 9, 3, 10, 2, 7, 5, 11, 1, 6, 4, 10, 5, 11, 0, 7, 2, 9, 4, 8, 5, 11]
Score Track : [-6, 40, 17, 17, 17, 23, 27, 29, 33, 22, 22, 14, 10, 20, 13, 10, 38, -31, -13, 3, 3, 9, 10, -8, -12, 16, 3, 27, -11, 7, -7, 23, 22, 22, 0, 12, 9, 3, -11, -7, 11]

[Epoch 10/30]
P1 Score : 33, AI score : 15
Move History : [5, 9, 3, 10, 5, 6, 4, 10, 0, 6, 3, 8, 2, 11, 0, 7, 1, 11, 0, 7, 1, 10, 5, 6, 2, 6, 0, 11, 4, 9, 1, 11, 5, 6, 3, 8, 0, 10, 5, 6, 4, 6, 5, 6, 2, 9, 3, 7, 0, 8, 3, 6, 4, 11, 3, 6, 4, 7, 0, 6, 2, 8, 3, 7, 1, 6, 3, 7, 2, 8, 5, 6, 4, 6, 5, 11, 1, 6, 0, 7, 1, 8, 3, 9, 5, 11, 4, 7, 2, 8, 1, 9, 3, 10, 1, 7, 0, 6, 3, 7, 1, 8, 2, 6, 5]
Score Track : [-6, 33, 33, 40, 57, 11, 21, 4, -14, 35, 48, -17, 4, 7, 13, 0, -1, 11, 6, 7, 19, 22, 8, -1, 30, 20, 21, 11, 13, 20, 13, 21, 34, -16, -20, 15, 14, 17, 13, 12, 13, 21, 20, 21, -5, -5, -2, -2, 10, -9, -9, -9]

[Epoch 11/30]
P1 Score : 23, AI score : 25
Move History : [2, 10, 0, 7, 1, 7, 2, 9, 3, 6, 5, 6, 4, 8, 3, 10, 5, 7, 1, 10, 4, 9, 0, 11, 1, 6, 0, 7, 2, 10, 5, 6, 4, 9, 3, 6, 2, 11, 5, 8, 0, 6, 5, 10, 3, 7, 4, 8, 2, 6, 3, 7, 1, 10, 3, 6, 2, 9, 1, 7, 2, 11, 4, 8, 0, 6, 5, 8, 2, 11, 3, 8, 0, 7, 1, 6, 4, 6, 5, 10, 2, 6, 3, 9, 4, 8, 5, 9, 0, 6, 1, 11, 0, 7, 1, 10, 3, 11, 1, 8, 2, 9, 4, 6, 5, 6, 3, 7, 4, 9, 5]
Score Track : [-2, 9, -11, -11, 13, 22, 39, 35, 37, -23, 34, 32, 10, 9, 8, -5, -3, 17, 14, 19, 2, 2, 16, 11, 15, 11, 10, 1, -1, 2, -16, -6, 5, 9, 13, 3, 1, 4, 5, 7, 10, 10, 6, 12, 12, 5, -2, -6, -6, 4, 4, 4, 4, 4, 4]

[Epoch 12/30]
P1 Score : 17, AI score : 31
Move History : [4, 8, 2, 10, 3, 7, 4, 6, 1, 9, 4, 8, 1, 10, 2, 6, 5, 8, 1, 11, 4, 7, 3, 6, 2, 9, 5, 8, 2, 6, 3, 7, 4, 8, 5, 9, 1, 6, 0, 8, 2, 10, 0, 11, 0, 6, 1, 8, 3, 6, 2, 7, 5, 10, 3, 11, 4, 10, 1, 6, 5, 9, 0, 6, 1, 7, 2, 9, 3, 11, 4, 6, 5, 10, 3, 6, 4, 8, 4, 9, 0, 11, 2, 7, 3, 8, 4, 11, 5]
Score Track : [-2, 9, 14, 22, 18, 20, 18, 13, 27, 46, 5, 25, 13, 8, 9, 11, 9, 9, 14, 27, 4, 27, 13, 14, 15, 15, -8, -7, 10, 2, 5, 21, 15, 15, -1, 2, 7, 5, 5, 5, 13, -2, -8, 6]

[Epoch 13/30]
P1 Score : 11, AI score : 37
Move History : [4, 6, 0, 10, 1, 8, 0, 6, 5, 7, 0, 10, 1, 8, 2, 6, 1, 11, 2, 10, 0, 6, 3, 6, 2, 7, 5, 11, 4, 9, 4, 11, 3, 6, 0, 8]
Score Track : [-2, -13, -7, -13, -3, 27, 15, 14, 13, -3, 23, -7, 11, 48, 1, 2, -1, -14]

[Epoch 14/30]
P1 Score : 24, AI score : 24
Move History : [0, 10, 4, 6, 2, 10, 3, 6, 5, 8, 2, 6, 4, 6, 3, 7, 5, 9, 2, 10, 2, 8, 1, 11, 0, 6, 3, 7, 4, 10, 5, 11, 0, 10, 2, 6, 4, 11, 5, 7, 0, 10, 1, 11, 3, 6, 4, 8, 0, 9, 3, 7, 4, 6, 5, 6, 1, 10, 0, 9, 3, 7, 1, 11, 2, 7, 1, 8, 4, 10, 5, 9, 1, 10, 2, 11]
Score Track : [47, -11, -7, 28, 36, 32, 37, 41, 51, 42, 28, 18, 1, 0, 11, 25, 23, 23, 25, 23, 32, 34, 23, 24, 27, 6, 4, 7, -5, -6, 17, -22, -5, -7, 3, -1, 3, -7]

[Epoch 15/30]
P1 Score : 13, AI score : 35
Move History : [1, 8, 3, 11, 2, 6, 5, 7, 2, 9, 0, 6, 4, 6, 0, 11, 0, 10, 5, 6, 4, 6, 0, 8, 0, 10, 2, 6, 4, 7, 2, 8, 3, 9, 3, 6, 2, 11, 4, 6, 3, 7, 5, 6, 1, 10, 4, 6, 1, 8, 3, 7, 5, 7, 4, 6, 5, 7, 0, 9, 2, 11, 5, 9, 2, 6, 0, 9, 2, 7, 3, 8]
Score Track : [-8, 3, 1, 9, 21, 7, 43, 47, 41, 6, 6, 5, 8, 9, 12, 14, 29, 18, 19, 5, 6, 3, 10, -2, 32, 9, 29, 29, 31, 32, 18, 10, 18, 18, 6, 6]

[Epoch 16/30]
P1 Score : 38, AI score : 10
Move History : [4, 9, 5, 7, 3, 6, 4, 11, 0, 6, 2, 6, 4, 10, 5, 7, 1, 6, 4, 10, 2, 8, 2, 6, 5, 11, 2, 10, 1, 6, 0, 6, 4, 7, 5, 7, 0, 8, 0, 9, 4, 6, 5, 11, 3, 7, 4, 6, 1, 8, 4, 6, 2, 8, 1, 11, 2, 9, 0, 7, 0, 9, 5, 9, 1, 11, 1, 10, 4, 8, 1, 11, 0, 9, 4, 10, 1, 11]
Score Track : [-2, 51, 38, 45, 50, 15, 15, 19, 41, 43, 13, 10, 15, 6, 11, -7, -7, -3, 39, 38, 21, 15, 30, 35, 9, 26, 13, 11, 9, -4, -5, 32, 34, 28, -19, -19, -19, -23, -23]

[Epoch 17/30]
P1 Score :  8, AI score : 40
Move History : [5, 6, 4, 10, 3, 11, 2, 9, 5, 6, 0, 6, 1, 11, 2, 7, 0, 8, 5, 6, 2, 9, 5, 6, 0, 7, 1, 6, 3, 6, 5, 8, 4, 9, 5, 8, 2, 10, 1, 6, 3, 11, 3, 8, 2, 9, 3, 7, 2, 9, 3, 10, 5, 9, 4, 6, 0, 7, 3, 10, 1, 11]
Score Track : [-6, 2, 27, 25, 22, 22, 24, 22, 3, 30, -7, 26, 25, 24, 23, 27, 35, 43, 35, 16, 24, -11, -13, 14, 5, 0, 2, 17, 8, -13, 5]

[Epoch 18/30]
P1 Score : 16, AI score : 32
Move History : [3, 7, 0, 6, 1, 7, 5, 8, 1, 7, 4, 6, 5, 10, 1, 6, 5, 7, 4, 11, 2, 9, 5, 9, 0, 8, 1, 9, 3, 6, 4, 9, 1, 8, 5, 9, 0, 10, 5, 11, 4, 6, 2, 6, 1, 9, 5, 8, 3, 7, 3, 8, 2, 9, 4, 7, 3, 11, 2, 10]
Score Track : [-6, 38, 37, 17, 34, 21, 24, 10, 16, 10, 19, 5, 18, 9, 33, 18, 33, 28, 48, 31, 23, 14, 2, 18, 28, 8, 24, 21, 21, 9]

[Epoch 19/30]
P1 Score : 13, AI score : 35
Move History : [4, 9, 5, 6, 1, 6, 3, 7, 0, 7, 1, 10, 2, 6, 4, 9, 0, 10, 0, 6, 5, 7, 1, 11, 5, 10, 2, 6, 5, 9, 1, 11, 4, 8, 2, 7, 3, 6, 5, 10, 1, 8, 2, 6, 5, 10, 4, 8, 3, 6, 4, 8, 5]
Score Track : [-2, 51, 12, 22, 40, 45, 17, 18, 13, 35, 34, 43, 25, 22, 25, 42, 17, 15, 13, 20, 4, 4, 7, 25, 10, 12]

[Epoch 20/30]
P1 Score : 26, AI score : 22
Move History : [2, 11, 1, 9, 4, 6, 5, 9, 2, 11, 3, 9, 0, 6, 5, 10, 2, 11, 4, 6, 0, 7, 0, 6, 4, 7, 2, 9, 0, 10, 0, 8, 2, 6, 5, 6, 3, 11, 1, 6, 4, 6, 0, 11, 0, 7, 1, 10, 1, 9, 3, 7, 1, 9, 2, 6, 0, 8, 3, 7, 2, 11, 3, 8, 0, 9, 2, 10, 4, 6, 1, 10, 0, 11, 1, 6, 4, 7, 3, 6, 5, 11, 1, 6, 2, 8, 3, 6, 0, 7, 4, 6, 0, 7, 5, 11, 0, 9, 3, 6, 2, 7, 0, 9, 3, 10, 1, 8, 0, 9, 5, 6, 4, 10, 3, 6, 2, 8, 5, 11, 2, 7, 1, 10, 4, 9, 3, 10, 5, 6, 2, 7, 0, 8, 1, 9, 3, 10, 4, 6, 0, 7, 2, 11, 4, 8, 3, 9, 0, 10, 4, 11]
Score Track : [-2, -4, 2, 15, 18, 27, 24, 39, 23, 35, 46, 53, 44, 34, 7, 3, 2, 16, 24, -2, 4, 12, 13, 16, 4, 7, 11, 9, 12, -6, -24, -31, -31, -31, 1, 0, -10, 1, -22, 6, -1, 12, 3, 1, 3, 1, 3, 6, 4, 6, -2, -2, 0, -12, -12, 7, 11, 14, 4, 9, 0, 1, -4, 5, 11, 9, -10, -10, -10, 12, 15, -6, -8, -8, -8, -8]

[Epoch 21/30]
P1 Score : 17, AI score : 31
Move History : [2, 10, 0, 9, 3, 6, 1, 6, 2, 7, 4, 7, 0, 8, 5, 10, 1, 11, 4, 8, 2, 9, 5, 6, 3, 10, 0, 8, 5, 6, 4, 6, 5, 6, 3, 7, 1, 6, 0, 7, 5, 10, 1, 11, 1, 6, 2, 8, 4, 11, 3, 6, 4, 10, 0, 7, 3, 9, 5, 9, 1, 11, 0, 10, 0, 7, 3, 11, 0, 6, 4, 7, 2, 8, 0, 7, 1, 7, 5, 11, 3, 6, 2, 10, 3, 7, 4, 11, 0, 8, 5, 10, 1, 9]
Score Track : [-2, 9, 8, 2, 4, 15, 15, 44, 35, 28, 33, 5, 17, 42, 16, 7, 9, 26, 25, 34, 30, 29, 14, -5, 3, 8, 3, 6, 4, 12, 13, 27, 22, 24, 13, 16, 26, 11, 15, 9, 5, 2, 13, 13, 1, 5, 7]

[Epoch 22/30]
P1 Score : 39, AI score :  9
Move History : [4, 9, 0, 7, 4, 9, 0, 11, 1, 7, 0, 9, 5, 9, 2, 8, 1, 11, 1, 6, 4, 10, 0, 7, 0, 8, 3, 7, 2, 7, 5, 8, 0, 9, 2, 6, 0, 7, 3, 6, 4, 6, 1, 7, 2, 8, 2, 6, 0, 7, 3, 10, 2, 6, 3, 7, 5, 11, 4, 6, 3, 7, 4, 8, 3, 9, 0, 8, 4, 6, 3, 10, 4, 7, 2, 6, 3, 9, 1, 6, 3, 7, 4, 10, 2, 11, 1, 6, 0, 7, 1, 8, 3, 9, 1, 10, 2, 11, 5]
Score Track : [-2, 47, 39, 42, 41, -5, 42, 18, 33, 31, 10, -17, -35, 26, 25, 44, 56, 35, 48, 26, 43, 43, 42, 32, 27, 30, 18, 26, 35, 40, 14, 19, -14, 6, 8, 1, 14, 11, 8, 2, 2, 3, 4, -3, -6, 18, -17, -21, -11]

[Epoch 23/30]
P1 Score : 24, AI score : 24
Move History : [1, 6, 0, 7, 5, 9, 4, 6, 5, 10, 1, 11, 2, 10, 3, 10, 5, 8, 4, 6, 5, 11, 2, 9, 3, 10, 5, 7, 5, 8, 4, 10, 2, 11, 0, 7, 4, 8, 3, 9, 0, 10, 5, 8, 2, 7, 4, 11, 0, 6, 5, 6, 3, 8, 1, 6, 0, 7, 2, 6, 3, 11, 1, 8, 5, 6, 4, 8, 2, 7, 0, 6, 5, 8, 3, 10, 0, 6, 3, 7, 1, 9, 1, 6, 0, 10, 3, 11, 5, 8, 1, 10, 3, 9, 5, 10, 2, 6, 4, 6, 3, 9, 4, 7, 0, 8, 2, 10, 3, 11, 4, 9, 5]
Score Track : [-8, -20, -2, 13, 15, 0, 2, 4, 29, 21, 24, 25, 22, 20, 27, 30, 11, 21, 12, -26, -26, 8, 9, 10, 10, 12, 4, 15, 25, 25, -2, -4, 5, 10, 13, 16, 19, 18, 36, 7, 7, 14, 25, 10, 0, -6, 5, -13, -2, 6, 9, 5, -8, -4, 2, 3]

[Epoch 24/30]
P1 Score : 24, AI score : 24
Move History : [5, 6, 1, 11, 4, 6, 1, 10, 3, 7, 0, 11, 2, 9, 4, 11, 2, 10, 1, 11, 4, 8, 3, 7, 1, 6, 1, 7, 5, 7, 2, 10, 1, 6, 4, 7, 5, 10, 2, 8, 2, 9, 2, 6, 3, 7, 5, 6, 1, 7, 4, 7, 5, 8, 3, 9, 0, 7, 5, 10, 3, 7, 2, 11, 1, 9, 4, 6, 0, 7, 1, 9, 4, 11, 5, 7, 1, 6, 3, 11, 5, 7, 2, 7, 5, 10, 2, 9, 3, 6, 4, 6, 5, 11, 0, 8, 4, 10, 3, 7, 2, 9, 4, 6, 3, 7, 1, 8, 4, 10, 5, 7, 0, 8, 1, 10, 2, 9, 3, 11, 1, 7, 5, 6, 2, 9, 3, 7, 0, 9, 5, 6, 1, 10, 1, 11, 4, 6, 5, 8, 2, 9, 3, 10, 0, 6, 1, 7, 4, 8, 2, 10, 5, 9, 3, 10, 4, 11, 4, 6, 3, 7, 4, 8, 5, 8, 0, 7, 1, 6, 3, 7, 4, 8, 2, 9, 3, 11, 4, 10, 5]
Score Track : [-6, -11, -6, 29, 12, 34, 41, 15, 13, -8, -10, -19, 2, 10, 28, 12, 36, 12, 49, 21, 36, 29, 20, 24, 39, 44, 40, 28, 39, 43, 20, 25, -16, 9, -5, -24, -12, 6, 6, 13, 20, 17, 25, -10, 7, 10, 11, 9, 3, 4, -17, 11, 2, -11, -9, 15, 18, 17, 14, 15, 0, 1, -1, -5, -6, 22, 12, -2, 5, 7, 10, 10, 17, 10, 10, 10, -4, -4, -1, -1, -4, -8, 4, 1, 2, 6, -2, -2, -2, 4]

[Epoch 25/30]
P1 Score : 14, AI score : 34
Move History : [4, 11, 3, 6, 0, 10, 5, 9, 0, 11, 3, 7, 1, 6, 4, 8, 1, 10, 3, 9, 5, 8, 1, 11, 4, 7, 2, 9, 3, 10, 1, 11, 5, 7, 3, 6, 1, 11, 2, 6, 0, 10, 1, 6, 5, 9, 2, 7, 5, 11, 4, 8, 3, 7, 4, 8, 5]
Score Track : [-2, 36, 46, 18, 21, -2, -3, 4, -5, -15, 19, -14, -11, 26, 15, 17, 18, 10, 24, 2, -5, -7, 1, 19, -16, 3, 19, 19]

[Epoch 26/30]
P1 Score : 26, AI score : 22
Move History : [5, 10, 1, 7, 5, 9, 0, 11, 0, 8, 5, 6, 0, 8, 3, 7, 4, 8, 5, 9, 4, 10, 0, 11, 1, 7, 5, 8, 3, 10, 4, 6, 5, 10, 2, 6, 3, 9, 1, 11, 0, 8, 3, 7, 2, 8, 3, 9, 5, 7, 4, 8, 5, 10, 2, 6, 4, 7, 0, 11, 5, 9, 0, 7, 2, 8, 3, 10, 5, 6, 4, 9, 5, 11, 0, 8, 2, 9, 1, 6, 5, 6, 2, 7, 3, 6, 4, 6, 5]
Score Track : [-6, 1, 32, -6, 10, -4, -4, 18, 34, 0, -1, 5, 16, -15, 25, 24, 24, 20, 10, -1, -19, -3, -20, 18, 30, 27, 12, 9, 15, -3, -7, 17, 15, 18, 20, 13, 12, 12, 13, -1, 5, 5, 5, 5]

[Epoch 27/30]
P1 Score : 25, AI score : 23
Move History : [2, 6, 0, 7, 3, 6, 2, 7, 5, 9, 1, 11, 1, 6, 0, 7, 5, 9, 4, 6, 3, 6, 1, 9, 5, 8, 3, 6, 5, 6, 4, 10, 1, 11, 1, 7, 4, 6, 2, 11, 5, 6, 3, 6, 0, 7, 5, 10, 0, 6, 2, 11, 3, 9, 4, 11, 2, 8, 1, 10, 3, 6, 5, 6, 4, 7, 5, 8, 2, 11, 5, 6, 2, 9, 0, 11, 3, 7, 5, 8, 2, 9, 4, 11, 3, 6, 4, 7, 5, 7, 1, 10, 4, 11, 3, 9, 4, 10, 1, 6, 2, 8, 5, 9, 3, 8, 4, 10, 0, 11, 2, 6, 5, 6, 0, 7, 1, 8, 3, 9, 0, 10, 2, 11]
Score Track : [-2, -13, 25, 13, 42, 2, -4, 9, 42, 18, 35, 37, 40, 17, 17, 40, 18, 10, 12, 5, 9, 15, 15, 19, 19, 20, 18, 8, 9, -1, 3, 5, 5, -13, 3, -7, -4, 2, 3, 4, -15, 14, 15, 0, 11, 11, 4, 3, 4, 3, 1, 9, 9, 9, 9, 1, 3, 1, -9, 1, 1, -9]

[Epoch 28/30]
P1 Score : 22, AI score : 26
Move History : [2, 7, 3, 9, 5, 11, 2, 6, 1, 7, 2, 6, 0, 11, 4, 9, 5, 10, 1, 6, 2, 8, 4, 11, 1, 10, 0, 7, 0, 11, 2, 6, 5, 9, 4, 6, 2, 7, 1, 8, 5, 10, 0, 7, 1, 6, 2, 9, 3, 10, 2, 11, 1, 6, 2, 7, 5, 6, 4, 7, 3, 9, 0, 8, 4, 11, 0, 6, 5, 10, 1, 6, 4, 9, 3, 11, 4, 7, 2, 8, 4, 10, 3, 9, 4, 10, 5]
Score Track : [-2, 24, 28, 10, 2, 5, 6, 18, 39, 22, 11, 8, -15, -22, 19, -16, -10, -9, -1, -21, -7, 20, 19, 18, -6, -5, -5, -2, 3, 5, 9, 10, 11, 9, 11, 2, 2, -1, 6, 6, -6, 6, 6]

[Epoch 29/30]
P1 Score : 31, AI score : 17
Move History : [4, 10, 1, 9, 4, 7, 3, 6, 5, 10, 4, 7, 1, 9, 2, 11, 0, 6, 1, 8, 3, 6, 2, 6, 0, 7, 4, 9, 3, 6, 0, 7, 2, 9, 3, 8, 0, 10, 3, 7, 1, 7, 3, 11, 4, 11, 5, 10, 1, 6, 4, 11, 2, 6, 4, 8, 0, 7, 4, 8, 0, 9, 3, 7, 5, 9, 1, 7, 3, 6, 2, 9, 3, 10, 1, 6, 2, 8, 2, 10, 4, 11, 1, 6, 4, 8, 5, 8, 2, 6, 0, 7, 2, 8, 3, 11, 1, 7, 2, 6, 3, 7, 5, 7, 4, 8, 0, 11, 1, 10, 3, 7, 0, 11, 2, 6, 0, 7, 3, 8, 5, 6, 1, 9, 5, 10, 3, 7, 4]
Score Track : [-2, -1, -4, 34, 20, 17, 42, 29, 10, 26, -2, 2, 2, 11, 18, 20, 18, 16, 32, 5, 0, 1, -9, -1, -3, -3, -5, -8, 6, 15, 15, 22, 35, 23, 23, 23, 29, 3, -1, 6, 17, 4, -13, -6, -3, -5, -11, -1, 7, 17, 17, 17, 17, 7, 5, 4, 4, 1, 0, 1, 4, 3, -2, 18]

[Epoch 30/30]
P1 Score : 27, AI score : 21
Move History : [0, 7, 4, 7, 3, 7, 4, 6, 2, 11, 2, 8, 0, 6, 1, 7, 4, 10, 4, 6, 2, 7, 4, 11, 3, 9, 4, 7, 5, 8, 4, 10, 1, 11, 2, 6, 1, 9, 0, 6, 2, 7, 3, 6, 4, 8, 0, 6, 1, 6, 5, 7, 3, 9, 0, 11, 1, 6, 4, 7, 3, 10, 2, 10, 3, 9, 1, 7, 5, 8, 4, 6, 2, 7, 3, 8, 4, 10, 2, 9, 3, 10, 5, 7, 1, 6, 2, 8, 4, 11, 2, 7, 3, 6, 0, 8, 1, 7, 4, 7, 3, 8, 5, 6, 2, 11, 3, 7, 0, 8, 1, 11, 2, 9, 4, 6, 3, 7, 4, 8, 0, 9, 2, 10, 0, 6, 5, 8, 4, 10, 1, 7, 4, 9, 0, 8, 3, 9, 5, 10, 2, 8, 0, 11, 3, 6, 2, 9, 3, 11, 4, 10, 5, 6, 0, 7, 0, 10, 1, 9, 2, 8, 3, 9, 5, 7, 4]
Score Track : [47, 45, 38, 39, 37, 33, 36, 55, 56, -17, -11, -17, 37, -6, 19, 24, 5, -6, 18, -8, -20, 5, 19, 15, 14, 26, 22, 41, 7, 12, -6, -2, -2, -3, 3, 11, -3, -5, 6, 0, 5, 11, 11, 9, 9, 6, 7, 18, 19, 29, -1, 19, 19, 8, 8, 11, 12, 19, -3, -3, 3, 3, 7, 23, 2, 11, -13, -13, 16, 17, 16, 20, -7, -6, -5, 5, 11, 11, 14, 12, 12, 12, 12]

P1 wins: 11, Tie :  4, Agent wins : 15