[Epoch  1 /10]
P1 Score : 22, AI score : 26
Move History : [0, 9, 3, 10, 2, 8, 4, 8, 0, 7, 3, 6, 1, 6, 3, 7, 0, 11, 2, 9, 1, 7, 5, 9, 0, 7, 2, 10, 0, 6, 4, 6, 0, 9, 1, 10, 5, 11, 1, 6, 0, 7, 0, 10, 1, 8, 1, 6, 4, 6, 0, 7, 5, 8, 2, 10, 4, 9, 2, 8, 1, 6, 5, 10, 4, 9, 0, 11, 5, 10, 3, 6, 2, 11, 1, 10, 0, 6, 2, 7, 2, 11, 4, 6, 5, 8, 3, 6, 5, 6, 4, 9, 5]

[Epoch  2 /10]
P1 Score : 13, AI score : 35
Move History : [3, 7, 0, 9, 5, 10, 0, 6, 1, 6, 0, 10, 5, 6, 4, 9, 5, 10, 2, 6, 1, 10, 3, 7, 0, 8, 0, 9, 5, 7, 2, 8, 1, 9, 4, 6, 2, 10, 3, 6, 5, 11, 0, 10, 1, 11, 0, 7, 4, 6, 2, 7, 0, 11, 0, 9]

[Epoch  3 /10]
P1 Score : 19, AI score : 21
Move History : [0, 6, 3, 9, 5, 8, 1, 11, 1, 8, 3, 10, 4, 8, 1, 11, 2, 7, 0, 9, 0, 6, 0, 7, 4, 6, 3, 9, 4, 8, 1, 6, 5, 7, 3, 6, 4, 6, 2, 10, 2, 7, 4, 8, 1, 10, 2, 9, 4, 10, 3, 11, 4, 7, 3, 10, 5, 7, 4, 8, 0, 10, 1, 11, 4, 9, 5, 11, 0, 8, 1, 6, 2, 7, 4, 9, 5, 6, 3, 11, 4, 7, 5, 8]

[Epoch  4 /10]
P1 Score : 23, AI score : 25
Move History : [5, 6, 3, 6, 0, 11, 2, 9, 4, 7, 1, 8, 1, 10, 3, 7, 5, 8, 2, 9, 4, 8, 2, 7, 1, 6, 0, 7, 3, 7, 4, 6, 2, 7, 4, 10, 5, 6, 0, 7, 4, 9, 2, 8, 3, 7, 1, 6, 3, 7, 4, 9, 0, 6, 5, 7, 0, 8, 1, 9, 2, 6, 5, 6, 4, 10, 5, 8, 1, 6, 2, 11, 1, 8, 3, 10, 4, 6, 5, 11, 2, 6, 4, 7, 1, 9, 4, 11, 0, 6, 2, 8, 0, 10, 3, 6, 4, 6, 1, 7, 2, 10, 3, 8, 4, 9, 5, 6, 3, 9, 0, 8, 2, 7, 1, 9, 2, 8, 4, 10, 0, 9, 4, 6, 5, 6, 3, 11, 2, 8, 3, 6, 0, 7, 1, 8, 2, 9, 5, 6, 4, 6, 0, 7, 5, 11, 3, 8, 0, 6, 4, 9, 1, 7, 3, 8, 5, 6, 4, 7, 2, 9, 5, 11, 0, 6, 1, 7, 2, 8, 3, 9, 5, 6, 4, 7, 5]

[Epoch  5 /10]
P1 Score : 29, AI score : 19
Move History : [3, 6, 1, 10, 1, 8, 5, 6, 1, 11, 2, 7, 0, 9, 0, 6, 5, 8, 1, 11, 2, 9, 3, 10, 4, 7, 1, 6, 3, 6, 5, 8, 0, 6, 5, 11, 2, 9, 1, 11, 2, 6, 4, 11, 3, 6, 4, 8, 5, 8, 0, 7, 3, 10, 1, 11, 3, 6, 2, 8, 1, 7, 3, 8, 2, 10, 5, 6, 3, 7, 0, 9, 0, 8, 3, 9, 4, 6, 1, 7, 2, 11, 3, 8, 1, 9, 2, 10, 4, 11]

P1 wins:  1, Tie :  0, Agent wins :  4