[Epoch  1/50]
P1 Score : 25, AI score : 23
Move History : [3, 7, 0, 8, 5, 9, 2, 6, 0, 7, 5, 9, 1, 8, 4, 8, 3, 6, 1, 8, 2, 7, 5, 7, 3, 9, 2, 11, 0, 6, 4, 10, 4, 6, 1, 7, 5, 6, 2, 8, 2, 11, 4, 9, 2, 6, 4, 10, 5, 8, 1, 11, 2, 9, 3, 9, 5, 7, 1, 10, 2, 11, 0, 6, 3, 6, 4, 6, 5, 11, 1, 7, 2, 6, 0, 8, 4, 11, 5, 7, 2, 6, 0, 7, 3, 9, 1, 10, 4, 6, 2, 11, 3, 7, 4, 8, 5]
Score Track : [-6, 38, 35, 32, 45, 48, 41, 32, 49, 31, 14, 46, 43, 43, 25, 39, -16, 52, 32, 35, 2, 4, 3, 5, -11, -26, -26, -1, 7, 9, 5, 16, 15, 7, 11, 13, 6, -2, 4, 1, 4, -5, 2, 4, 6, 1, 3, 3]

[Epoch  2/50]
P1 Score : 22, AI score : 26
Move History : [5, 11, 1, 9, 4, 11, 0, 6, 1, 10, 3, 7, 1, 10, 2, 10, 5, 8, 1, 6, 2, 7, 5, 6, 0, 10, 5, 8, 0, 10, 4, 7, 1, 11, 3, 10, 2, 7, 0, 6, 5, 6, 1, 11, 3, 7, 5, 10, 4, 6, 5, 8, 4, 10, 0, 6, 3, 11, 1, 9, 2, 8, 1, 6, 2, 8, 4, 6, 0, 8, 5, 6, 2, 7, 1, 9, 4, 8, 2, 9, 5, 10, 1, 7, 3, 6, 5, 6, 0, 9, 1, 7, 4, 7, 5, 10, 1, 8, 2, 6, 3, 8, 1, 11, 1, 7, 3, 8, 4, 9, 5, 6, 0, 7, 1, 11, 4, 10, 5, 6, 2, 6, 5, 6, 4, 7, 5, 6, 3, 7, 5, 6, 4, 7, 5]
Score Track : [-6, -1, 3, -7, -20, -22, -9, 7, 19, 15, 36, 33, 34, 4, 19, 43, 41, 2, 2, 0, 8, 10, -9, -3, 31, 33, 41, 45, 42, -9, -6, -3, -1, -7, -13, -5, -2, -20, -24, -14, 19, 9, 2, 4, -2, 24, 14, -8, -9, 16, 9, 9, -4, -11, -5, 7, 13, 1, -11, -5, -3, 3, 7, 7, 7, 7, 7]

[Epoch  3/50]
P1 Score : 13, AI score : 35
Move History : [0, 10, 5, 6, 3, 8, 1, 7, 0, 10, 0, 6, 3, 8, 5, 6, 2, 9, 2, 10, 3, 7, 4, 7, 2, 6, 5, 11, 5, 9, 0, 10, 4, 7, 2, 8, 2, 10, 1, 11, 4, 9, 5, 7, 1, 8, 2, 9, 0, 6, 4, 10, 3, 6, 0, 7, 4, 10, 2, 9, 4, 8, 3, 9, 5, 11]
Score Track : [47, -11, -7, -3, 27, 26, 0, 29, 19, 30, 33, 33, 29, 31, 10, -2, 6, -16, -16, -12, -16, 13, 15, 11, 10, 11, 2, -7, -14, -14, -4, -14, 12]

[Epoch  4/50]
P1 Score : 23, AI score : 25
Move History : [0, 6, 1, 10, 3, 6, 4, 7, 2, 9, 1, 6, 5, 10, 0, 6, 1, 8, 5, 6, 0, 9, 2, 6, 0, 7, 2, 10, 3, 8, 1, 7, 5, 6, 2, 7, 3, 8, 4, 11, 3, 8, 2, 10, 1, 9, 4, 6, 2, 9, 3, 6, 5, 9, 1, 8, 3, 6, 5, 6, 2, 7, 0, 9, 1, 7, 3, 6, 5, 10, 0, 6, 3, 7, 1, 8, 4, 6, 0, 9, 3, 7, 4, 8, 2, 10, 5, 11, 4, 7, 5, 7, 2, 6, 0, 7, 3, 6, 5, 9, 1, 11, 3, 10, 4, 7, 5, 9, 2, 6, 4, 10, 3, 7, 4, 9, 5]
Score Track : [47, 47, -14, -6, 22, 7, 21, 60, 59, 1, -5, 12, 4, -29, 31, 44, 49, 48, 47, 36, 4, 8, 20, -6, -6, -2, 6, 7, 8, 6, 13, 28, 24, 27, 28, 24, 23, 22, 29, 31, 26, 30, 29, 4, 2, 6, 15, 22, 5, 7, -1, -6, 4, 8, 13, 4, 3, 7]

[Epoch  5/50]
P1 Score : 23, AI score : 25
Move History : [4, 11, 1, 7, 2, 6, 0, 9, 3, 6, 0, 8, 4, 7, 0, 6, 1, 6, 5, 9, 4, 7, 2, 10, 0, 8, 0, 6, 3, 11, 2, 10, 3, 8, 1, 10, 2, 6, 5, 9, 2, 6, 0, 8, 5, 6, 3, 6, 5, 6, 2, 11, 2, 10, 4, 7, 2, 9, 5, 7, 1, 6, 3, 7, 4, 6, 5, 6, 0, 9, 1, 8, 2, 9, 1, 7, 5, 6, 2, 7, 3, 8, 5, 10, 1, 11, 0, 7, 4, 6, 1, 9, 2, 7, 4, 10, 3, 6, 5, 6, 4, 11, 5, 6, 1, 8, 3, 10, 2, 7, 1, 10, 4, 6, 2, 8, 5, 6, 3, 9, 4, 11, 1, 7, 2, 10, 5, 6, 4, 6, 3, 7, 5, 6, 4, 10, 5]
Score Track : [-2, -4, -4, -11, 6, 9, 18, 13, 30, 19, 27, 28, 13, 41, 21, 20, 9, -4, -11, -1, 1, 16, -4, 8, 10, 15, 6, 17, 30, 28, 2, 15, 16, 24, 30, 25, 9, 17, 17, 17, 17, 25, 16, 3, 22, 17, 6, -21, 17, 15, 15, 5, 2, 8, 7, -12, 9, 7, 12, 12, 10, 4, -6, 3, 9, 9, 9, 9]

[Epoch  6/50]
P1 Score : 29, AI score : 19
Move History : [4, 10, 5, 11, 1, 6, 1, 10, 5, 9, 3, 6, 0, 11, 3, 6, 0, 7, 3, 11, 1, 10, 2, 9, 1, 6, 5, 9, 2, 10, 0, 7, 3, 10, 5, 7, 1, 8, 3, 6, 5, 9, 0, 7, 2, 10, 4, 8, 5, 10, 3, 6, 2, 7, 3, 8, 1, 9, 0, 10, 4, 6, 1, 11, 5, 9, 2, 10, 4, 6, 5, 6, 0, 11, 0, 7, 3, 8, 5]
Score Track : [-2, 44, -1, 26, 8, 9, 26, 19, 18, 23, -5, -3, -3, 10, 7, 8, 27, 22, 21, 18, 18, 17, 17, -9, 18, 20, 20, 8, 11, 9, 25, 18, -7, -7, 6, 9, 8, 9, 6]

[Epoch  7/50]
P1 Score : 35, AI score : 13
Move History : [4, 7, 5, 10, 2, 6, 4, 10, 0, 9, 2, 8, 2, 9, 3, 7, 2, 6, 0, 9, 5, 8, 3, 6, 4, 9, 5, 10, 3, 6, 5, 6, 2, 11, 3, 6, 0, 10, 4, 7, 2, 8, 1, 9, 5, 11, 0, 6, 4, 7, 5, 11, 0, 10, 1, 9, 3, 6, 0, 9, 5]
Score Track : [-2, 48, 37, 37, -22, 32, -7, 28, 28, 24, 37, 35, 39, 49, 33, 33, 32, 4, 7, -1, -6, -12, 19, 32, 2, -20, -16, -20, 9, 1]

[Epoch  8/50]
P1 Score : 16, AI score : 32
Move History : [4, 6, 1, 9, 1, 8, 0, 6, 1, 11, 0, 9, 3, 7, 1, 10, 2, 6, 0, 7, 5, 11, 2, 8, 0, 7, 5, 9, 3, 8, 5, 7, 1, 11, 2, 9, 0, 10, 3, 11, 4, 9, 5, 10, 1, 6, 3, 10, 4, 8, 1, 7, 0, 8, 1, 6, 3, 9, 2, 11, 3, 10, 5, 8, 4, 6, 5]
Score Track : [-2, -11, 38, -1, -11, -15, -2, -2, -12, -20, -21, -36, 10, 7, 17, 6, 18, -21, -17, -32, 6, 19, 2, 25, 7, 9, 25, 40, 26, 23, -3, 5, 22]

[Epoch  9/50]
P1 Score : 16, AI score : 32
Move History : [2, 8, 5, 6, 4, 6, 5, 11, 4, 9, 0, 6, 2, 11, 5, 6, 1, 7, 0, 10, 2, 9, 3, 7, 1, 11, 1, 9, 4, 11, 2, 6, 5, 10, 2, 7, 3, 6, 1, 11, 4, 10, 0, 11, 3, 8, 5, 6, 2, 11, 0, 8, 3, 10, 0, 11, 0, 7, 0, 10, 4, 9, 3, 7, 1, 8, 0, 6, 2, 10, 3, 9, 1, 11, 4, 9, 1, 7, 3, 11, 2, 8, 3, 9, 4, 6, 0, 10]
Score Track : [-2, 16, 21, 24, 17, 43, 24, 15, 13, 29, -14, 19, -1, -5, 7, 9, 20, 15, 22, 18, 30, 31, 21, 7, 6, 31, 26, 27, 22, 29, 33, 18, 5, 27, -7, 6, 6, -4, -1, -3, -26, -20, 3, -13]

[Epoch 10/50]
P1 Score : 22, AI score : 26
Move History : [5, 9, 1, 7, 2, 11, 4, 11, 0, 9, 2, 6, 4, 10, 3, 6, 1, 8, 4, 8, 2, 6, 1, 10, 0, 11, 4, 6, 0, 8, 2, 9, 4, 7, 5, 6, 2, 7, 0, 8, 3, 6, 5, 6, 2, 7, 4, 9, 4, 6, 0, 11, 4, 7, 0, 8, 1, 7, 4, 8, 2, 9, 0, 6, 2, 10, 4, 11, 3, 6, 2, 10, 0, 8, 1, 9, 4, 10, 5, 8, 3, 10, 2, 6, 0, 8, 1, 7, 1, 8, 5, 7, 0, 10, 1, 9, 0, 6, 3, 11, 4, 8, 2, 6, 3, 10, 5, 6, 1, 8, 2, 11, 4, 6, 0, 9, 3, 7, 1, 11, 5, 9, 4, 6, 5, 7, 2, 8, 3, 9, 4, 11, 5, 10, 1, 11]
Score Track : [-6, 1, 1, 20, 9, 10, 18, 16, 10, -9, 9, 24, 15, -1, 3, 14, -27, 29, -19, -2, 32, 32, 33, 36, 25, 31, 15, 24, 35, -3, 11, 31, 32, -6, 9, 10, 12, -3, 1, 7, 10, 23, 17, 21, -9, 13, 21, 22, 27, 28, 9, 5, -7, 14, 4, 4, 2, 0, 0, 2, 8, 8, 8, 8, 8, 8, -6, 0]

[Epoch 11/50]
P1 Score : 40, AI score :  8
Move History : [5, 7, 4, 10, 0, 6, 2, 11, 2, 6, 0, 10, 4, 8, 1, 7, 2, 9, 4, 10, 1, 6, 2, 9, 3, 10, 2, 8, 3, 10, 4, 6, 0, 8, 2, 7, 5, 10, 4, 11, 3]
Score Track : [-6, 46, 48, 47, 32, 31, 6, -14, -14, -5, -8, -19, -23, 1, -1, 5, 1, 11, 15, 11]

[Epoch 12/50]
P1 Score : 34, AI score : 14
Move History : [0, 6, 3, 11, 5, 7, 4, 6, 5, 10, 0, 9, 3, 6, 4, 11, 2, 11, 5, 8, 4, 10, 0, 11, 0, 7, 5, 9, 0, 10, 1, 10, 2, 6, 5, 6, 4, 10, 1, 6, 3, 6, 5, 6, 2, 9, 4, 6, 3, 7, 4, 9, 5, 6, 0, 11, 4, 10, 2, 11, 5]
Score Track : [47, 14, -5, 48, 50, 36, 25, 5, 32, 38, 19, 11, 7, 23, 20, 21, 18, 20, 15, 14, 13, 15, 16, 18, 13, -5, 19, 13, 10, 13]

[Epoch 13/50]
P1 Score : 30, AI score : 18
Move History : [2, 8, 3, 11, 3, 6, 1, 10, 2, 6, 0, 9, 5, 9, 1, 11, 4, 6, 1, 7, 4, 8, 1, 11, 3, 9, 2, 6, 3, 10, 5, 8, 0, 6, 2, 11, 5, 6, 4, 7, 1, 7, 3, 9, 1, 10, 1, 11, 3, 6, 0, 8, 0, 6, 4, 6, 2, 10, 4, 11, 3, 7, 4, 11, 1, 6, 5, 7, 4, 8, 1, 9, 3, 11, 4, 6, 5, 10, 0, 11, 5, 7, 0, 9, 4, 8, 2, 11, 3, 7, 0, 9, 1, 11, 0, 10, 5, 7, 0, 6, 1, 8, 0, 10, 4]
Score Track : [-2, 11, 1, 1, -13, -27, -7, 6, 7, 11, -5, 12, 11, 21, 29, 18, 52, 25, 12, 22, 2, 7, 4, -15, -1, 15, 4, 5, 5, 6, 4, 5, -3, 1, -16, -22, 20, 16, 24, 8, 8, 8, 8, -2, 7, 16, 12, 18, 3, 1, -1, -1]

[Epoch 14/50]
P1 Score : 19, AI score : 29
Move History : [2, 7, 0, 11, 3, 6, 2, 11, 3, 9, 2, 11, 3, 7, 4, 7, 1, 7, 5, 10, 0, 9, 1, 6, 3, 8, 5, 6, 3, 11, 1, 7, 1, 11, 3, 8, 2, 11, 4, 11, 5, 8, 1, 9, 3, 10, 3, 6, 2, 7, 3, 8, 5, 11, 4, 8, 5]
Score Track : [-2, 43, 3, 36, 6, 8, -2, 32, 11, 36, 50, 26, 15, 14, -6, -21, -28, 16, 8, 17, -4, -1, 4, 1, -6, -5, 1, 8]

[Epoch 15/50]
P1 Score : 29, AI score : 19
Move History : [3, 7, 4, 11, 0, 10, 1, 7, 2, 9, 2, 10, 3, 8, 2, 6, 4, 10, 0, 6, 2, 9, 3, 6, 4, 10, 5, 10, 0, 7, 1, 6, 2, 8, 4, 9, 5, 10, 0, 11, 4, 8, 1, 10, 2, 11, 5, 9, 3]
Score Track : [-6, 34, 34, -20, 14, -11, -9, -12, -2, 20, 16, 9, 4, 41, 18, 25, 27, 25, 6, 5, 11, -6, -6, 7]

[Epoch 16/50]
P1 Score : 28, AI score : 20
Move History : [4, 6, 2, 8, 4, 9, 2, 6, 5, 11, 4, 9, 1, 6, 0, 6, 1, 8, 4, 6, 3, 8, 1, 11, 4, 6, 5, 8, 2, 11, 5, 7, 4, 9, 4, 10, 4, 9, 3, 11, 0, 10, 1, 11, 0, 8, 2, 10, 3, 9, 4, 10, 1, 6, 5, 9, 0, 6, 1, 7, 3, 8, 4, 11, 3, 9, 5, 6, 0, 7, 4, 10, 1, 11, 3, 8, 4, 6, 0, 7, 5, 7, 1, 6, 3, 7, 2, 8, 5, 9, 3, 7, 0, 10, 4, 7, 5, 11, 1, 8, 0, 10, 2, 9, 1, 10, 2, 11]
Score Track : [-2, 4, 24, 2, 14, 20, 6, 13, 26, 20, 33, 35, 27, 43, 37, 22, 8, -1, 32, -14, 5, 20, 5, 5, -14, -2, 16, 11, 16, 14, -10, 0, -14, 13, 19, 17, 10, 5, 7, 10, 14, 12, 6, 6, 10, 0, 0, 10, -6, -6, -6, -6, -6, -6]

[Epoch 17/50]
P1 Score : 39, AI score :  9
Move History : [4, 10, 5, 10, 0, 9, 4, 11, 5, 6, 2, 6, 3, 6, 0, 7, 5, 11, 4, 9, 1, 9, 4, 7, 3, 10, 5, 7, 2, 8, 0, 10, 2, 9, 1, 7, 3, 6, 4, 7, 2, 6, 0, 9, 4, 10, 0, 8, 0, 9, 2, 11, 0, 7, 4, 10, 1, 9, 4, 6, 3, 11, 0, 6, 2, 10, 5]
Score Track : [-2, 44, 0, 46, -23, 4, 25, 25, 34, 11, 13, 14, 18, 54, 35, 19, 23, 6, 9, 13, 16, 12, 13, 12, 17, 16, -8, -20, -13, 4, -8, -4, -14]

[Epoch 18/50]
P1 Score : 24, AI score : 24
Move History : [5, 8, 1, 11, 2, 7, 4, 8, 3, 6, 5, 11, 4, 6, 3, 10, 1, 7, 5, 6, 0, 6, 2, 7, 3, 8, 0, 9, 4, 9, 1, 8, 2, 11, 5, 9, 2, 10, 1, 6, 3, 11, 2, 9, 1, 6, 4, 7, 2, 6, 1, 8, 5, 11, 2, 6, 0, 7, 4, 11, 5, 8, 0, 6, 1, 7, 2, 9, 3, 11, 4, 10, 2, 9, 3, 8, 4, 10, 5, 7, 1, 9, 2, 10, 3, 8, 4, 6, 5]
Score Track : [-6, 12, 8, 18, 26, 39, 40, 39, 18, 30, 45, -6, -4, 2, 24, -4, -4, 12, 34, 17, 7, -4, -1, 9, 1, -1, 10, 3, 5, 24, 8, 20, 9, 9, 16, 13, -10, 0, 7, 10, 8, 8, 8, 8]

[Epoch 19/50]
P1 Score : 14, AI score : 34
Move History : [3, 10, 5, 10, 2, 8, 1, 6, 4, 6, 0, 6, 3, 6, 4, 6, 1, 11, 2, 7, 1, 10, 2, 8, 3, 11, 3, 6, 5, 9, 5, 7, 1, 8, 0, 11, 4, 10, 0, 6, 2, 6, 3, 10, 5, 9, 4, 10, 1, 11, 5, 6, 4, 9, 5, 8, 2, 10, 3, 7, 0, 11]
Score Track : [-6, 40, 17, 16, 27, 29, 31, 34, 34, 17, 52, -13, 41, -3, -1, 1, -30, -30, 28, 1, 0, -6, 20, 7, 22, 9, 11, 17, 10, 6, 20]

[Epoch 20/50]
P1 Score : 17, AI score : 31
Move History : [0, 8, 5, 7, 3, 6, 1, 10, 1, 8, 0, 7, 1, 6, 2, 7, 5, 10, 0, 9, 1, 8, 4, 6, 1, 11, 5, 9, 2, 6, 4, 6, 3, 9, 4, 6, 5, 10, 2, 8, 5, 10, 1, 9, 4, 7, 0, 8, 4, 10, 5, 8, 3, 9, 1, 10, 4, 7, 2, 6, 3, 8, 4, 11, 4, 7, 2, 10, 0, 6, 1, 7, 2, 8, 3, 6, 0, 11, 0, 7, 4, 10, 1, 11, 2, 9, 1, 8, 2, 11, 5, 9, 2, 7, 3, 8, 5, 9, 4, 11]
Score Track : [47, 20, 18, 33, 28, 28, 28, 17, 16, 17, 11, 44, 19, 31, 10, 10, 17, 25, 31, 20, 11, 7, 8, 16, -13, 27, 10, 3, 19, 19, 19, 19, -2, 0, 0, -2, -15, 0, -2, -6, -17, -7, -13, -13, -11, 4, 18, 2, 11, -4]

[Epoch 21/50]
P1 Score : 10, AI score : 38
Move History : [4, 11, 2, 6, 4, 7, 0, 9, 5, 10, 0, 9, 3, 8, 1, 7, 5, 6, 2, 9, 3, 6, 4, 11, 2, 6, 0, 9, 5, 7, 0, 6, 1, 8, 1, 6, 2, 10, 3, 6, 2, 7, 2, 9, 5, 8, 4, 8, 0, 6, 1, 10, 4, 9, 3, 10, 4, 7, 2, 9, 4, 11]
Score Track : [-2, 5, 32, 31, 42, 1, 31, 9, 9, 17, 27, 50, 9, 9, 19, 51, 39, 44, 18, 6, 6, 8, 7, 27, 43, 28, 17, 27, 28, 26, 45]

[Epoch 22/50]
P1 Score : 34, AI score : 14
Move History : [3, 9, 0, 6, 3, 11, 0, 8, 5, 10, 3, 7, 0, 11, 4, 6, 1, 7, 5, 11, 2, 8, 4, 10, 3, 11, 3, 10, 5, 6, 1, 8, 5, 9, 5, 7, 0, 10, 2, 11, 4, 6, 3, 6, 5, 8, 0, 7, 2, 9, 4, 6, 0, 10, 4, 11, 3, 9, 5, 10, 1, 10, 5, 8, 3, 6, 2, 9, 0, 7, 5, 9, 4, 8, 3, 9, 0, 6, 5, 6, 1, 9, 4, 11, 1, 10, 0, 7, 1, 9, 0, 6, 1, 8, 5, 7, 2, 11, 4]
Score Track : [-6, 42, -11, -29, 18, 1, -6, 9, -13, -9, 17, 25, 39, 37, 41, 22, 30, 25, 38, 20, 36, 12, 6, 48, 12, 17, 20, 6, 2, 5, 1, 4, 1, 15, 14, 11, 22, 19, 24, 26, 15, 18, 20, 9, 1, 17, 10, 12, -4]

[Epoch 23/50]
P1 Score : 29, AI score : 19
Move History : [2, 6, 0, 11, 4, 6, 0, 7, 3, 9, 4, 10, 0, 6, 3, 11, 5, 7, 3, 6, 1, 6, 5, 6, 0, 7, 0, 10, 4, 7, 1, 8, 3, 6, 2, 9, 1, 6, 0, 11, 5, 6, 3, 9, 1, 6, 4, 8, 2, 6, 4, 6, 5, 7, 3, 6, 1, 9, 0, 7, 5, 6, 3, 9, 2, 11, 4, 9, 5, 6, 2, 7, 3, 9, 1, 8, 5, 11, 3, 6, 5, 10, 1, 6, 2, 11, 0, 6, 4, 6, 2, 7, 0, 9, 1, 8, 2, 11, 3, 6, 0, 7, 1, 8, 4, 6, 5, 6, 2, 10, 3, 7, 0, 8, 2, 9, 2, 11, 1, 10, 3, 11]
Score Track : [-2, -13, -5, -20, 36, 16, -4, 0, 5, 23, 3, 5, 21, 20, 26, 26, 31, 16, 18, 6, -6, -2, 4, 34, 15, 18, 35, 16, 2, 9, 36, 9, 17, 33, 32, 2, -1, -4, 37, 12, 24, 14, 1, -5, 2, -6, -16, 6, 6, 2, -7, -8, 2, 15, 3, 14, 6, -2, 0, -11, -11]

[Epoch 24/50]
P1 Score : 38, AI score : 10
Move History : [3, 8, 4, 11, 2, 6, 3, 7, 4, 10, 3, 6, 1, 8, 3, 7, 0, 8, 5, 8, 4, 7, 0, 9, 3, 8, 4, 6, 2, 6, 4, 10, 1, 11, 3, 8, 1, 6, 4, 9, 5, 6, 3, 7, 2, 10, 0, 11, 3, 8, 4, 7, 1]
Score Track : [-6, 30, 5, 26, 20, 22, 5, 8, 34, 35, 45, 43, 32, 24, 33, 34, 12, -11, -19, -3, 4, 18, 1, 35, 3, -11]

[Epoch 25/50]
P1 Score :  6, AI score : 42
Move History : [4, 7, 2, 10, 3, 11, 3, 7, 0, 7, 4, 7, 5, 6, 3, 11, 4, 8, 5, 10, 3, 9, 2, 8, 1, 11, 3, 10, 2, 7, 4, 11, 0, 8, 5, 6, 4, 7, 5]
Score Track : [-2, 35, 23, 24, 14, 23, 43, 44, 24, 29, 23, 2, 5, 1, -3, 22, 9, 35, 26]

[Epoch 26/50]
P1 Score : 15, AI score : 33
Move History : [3, 6, 5, 11, 4, 10, 0, 8, 3, 6, 1, 8, 2, 7, 1, 6, 2, 8, 5, 9, 2, 8, 4, 11, 2, 7, 5, 11, 4, 10, 5, 9, 3, 8, 2, 10, 3, 11, 3, 6, 2, 7, 1, 11, 3, 8, 5, 6, 0, 10]
Score Track : [-6, 1, 9, 2, 21, 24, 19, -3, 0, 41, 20, 16, 7, 4, 5, -5, 19, 28, 13, 7, 3, 3, 5, 1, 1]

[Epoch 27/50]
P1 Score : 19, AI score : 21
Move History : [0, 8, 2, 6, 5, 6, 3, 8, 4, 9, 4, 7, 0, 8, 2, 9, 1, 7, 5, 8, 2, 11, 5, 7, 3, 9, 1, 7, 2, 10, 3, 6, 1, 8, 4, 11, 1, 7, 5, 11, 0, 7, 2, 6, 1, 9, 1, 8, 1, 6, 3, 9, 5, 6, 0, 7, 3, 9, 0, 8, 1, 10, 5, 9, 4, 6, 3, 9, 4, 11, 3, 8, 1, 6, 4, 7, 0, 11, 0, 6, 1, 8, 3, 10, 2, 9, 0, 7, 1, 9, 5, 9, 2, 8, 3, 6, 5, 11, 2, 10, 0, 8, 1, 6, 3, 11, 0, 8, 5, 9, 1, 7, 1, 11, 0, 9, 2, 7, 5, 10, 1, 11, 2, 8, 4, 11, 1, 6, 3, 6, 2, 7, 3, 8, 4, 9, 5, 11]
Score Track : [47, 20, 27, 12, 45, 38, 41, 50, 63, 48, 42, 29, 28, 34, 36, -15, -19, 26, -8, 24, 26, 3, 2, 1, 27, 15, 16, -3, 24, 35, 41, -14, 35, 12, 36, 15, 18, 18, 18, 16, 14, 16, -7, 11, 27, 5, 8, 18, 20, 10, -5, -8, -5, -7, -3, 5, -23, 20, 18, -19, -19, 6, -2, 15, 10, 10, 10, 10, 13]

[Epoch 28/50]
P1 Score : 22, AI score : 26
Move History : [1, 6, 3, 8, 2, 11, 2, 10, 3, 11, 1, 6, 2, 7, 2, 8, 1, 10, 0, 10, 1, 11, 5, 11, 3, 7, 2, 8, 1, 10, 4, 6, 1, 11, 5, 9, 1, 7, 4, 9, 2, 9, 4, 11, 1, 7, 5, 6, 2, 10, 0, 8, 1, 9, 4, 6, 1, 9, 2, 6, 4, 11, 2, 7, 5, 6, 0, 10, 5, 8, 1, 6, 2, 6, 5, 7, 4, 6, 5, 8, 0, 7, 1, 6, 3, 8, 4, 6, 1, 11, 0, 8, 5, 9, 4, 8, 2, 11, 5, 6, 3, 7, 2, 6, 3, 7, 4, 9, 0, 8, 5, 7, 1, 10, 1, 11, 2, 7, 5, 6, 0, 7, 1, 8, 3, 10, 4, 9, 2, 11, 1, 8, 2, 10, 0, 7, 5, 8, 3, 9, 1, 6, 4, 9, 2, 10, 5, 6, 3, 11, 0, 7, 2, 9, 1, 8, 2, 11, 3, 9, 5, 10, 4, 11, 1, 6, 5, 7, 2, 8, 3, 9, 4, 6, 5]
Score Track : [-8, -4, 13, -1, -5, -11, -4, 15, 1, 35, 33, -14, 50, -4, -7, 2, 4, 16, -4, 38, 5, 6, 28, 36, 12, -3, -18, -2, -21, -3, -15, -27, -2, -19, 20, 9, 7, 7, -15, -12, 27, 26, 9, 17, 37, 4, 11, 23, 18, 11, 15, 28, 23, 23, 26, 31, 8, 12, -7, 1, -1, 1, 1, 9, 13, 5, 3, 8, 14, -1, 4, 7, 8, 8, 8, 2, -8, 2, 2, 5, -6, 1, 3, 3, 3, 3, 3]

[Epoch 29/50]
P1 Score : 22, AI score : 26
Move History : [5, 9, 4, 6, 1, 9, 0, 11, 5, 9, 2, 9, 0, 6, 3, 11, 1, 9, 2, 8, 4, 7, 4, 6, 3, 6, 0, 9, 2, 8, 3, 11, 1, 10, 2, 9, 0, 10, 2, 7, 4, 6, 1, 11, 3, 10, 1, 6, 2, 7, 3, 9, 5, 6, 1, 7, 3, 10, 5, 8, 2, 9, 5, 10, 4, 8, 0, 7, 2, 11, 1, 8, 4, 9, 5, 7, 1, 6, 3, 8, 2, 6, 3, 11, 4, 6, 5, 6, 0, 7, 2, 11, 3, 10, 2, 8, 5, 9, 0, 11, 1, 6, 0, 7, 4, 8, 1, 9, 2, 6, 4, 10, 5, 9, 0, 6, 1, 8, 3, 11, 0, 7, 2, 8, 1, 10, 2, 11, 4, 9, 0, 11, 5, 6, 3, 10, 0, 7, 4, 11, 0, 9, 1, 8, 3, 10, 5, 6, 2, 11, 3, 9, 0, 7, 4, 8, 1, 6, 5, 10, 2, 11, 0, 6, 1, 7, 2, 9, 3, 8, 4, 9, 5, 7, 0, 6, 1, 7, 2, 11, 3, 8, 0, 9, 1, 10, 2, 11]
Score Track : [-6, 45, 7, 29, -8, 17, 10, 32, 30, 30, 33, 18, 26, -8, 37, 27, -14, -23, 11, 15, -3, -3, -9, -9, -13, -32, 11, -3, -15, 5, -14, 17, 33, 13, -4, -9, -9, 5, 4, 10, 16, 8, 8, 24, 7, -4, -8, 0, -2, 9, 1, 7, 4, 3, 3, 9, 6, 12, 9, 5, 2, -1, -1, 9, -7, -7, 9, 0, 6, -7, -7, -7, -7, 7, 7, 0, 0, 6, 3, 6, 7, 3, 0, -7, -1, 1, 11, 12, 0, -1, -7, -7, -7, -3]

[Epoch 30/50]
P1 Score : 29, AI score : 19
Move History : [3, 9, 0, 11, 0, 6, 2, 11, 3, 7, 2, 8, 2, 9, 4, 6, 0, 7, 5, 9, 2, 6, 1, 7, 5, 11, 2, 6, 5, 6, 0, 7, 3, 10, 5, 8, 1, 11, 3, 6, 0, 8, 5, 9, 4, 9, 1, 11, 3, 6, 5, 6, 0, 7, 2, 8, 5, 7, 3, 9, 4]
Score Track : [-6, 42, 37, -11, -27, -7, -10, 19, 17, 32, 30, 28, 3, 20, 22, -7, 31, -23, 13, 6, 18, 18, 20, 22, 13, 17, 18, 24, -9, -12]

[Epoch 31/50]
P1 Score : 34, AI score : 14
Move History : [1, 8, 3, 7, 4, 6, 0, 10, 2, 6, 4, 6, 1, 7, 5, 7, 4, 6, 2, 7, 4, 8, 4, 10, 1, 9, 4, 6, 0, 11, 3, 7, 0, 6, 5, 7, 4, 6, 2, 11, 4, 6, 1, 8, 3, 7, 5, 8, 2, 9, 3, 11, 0, 7, 5, 10, 0, 6, 3, 11, 0, 7, 4, 6, 5, 11, 1, 7, 3, 11, 5, 9, 1, 8, 1, 9, 0, 10, 0, 11]
Score Track : [-8, 3, 30, 39, 2, 3, 5, 13, 24, 24, 40, 13, 40, 30, 29, -9, 29, 37, 43, 44, 40, 19, 5, 31, 17, 21, 32, 36, 16, -6, 17, 21, 28, 8, 25, -18, -16, -10, -10, -16]

[Epoch 32/50]
P1 Score :  9, AI score : 39
Move History : [5, 11, 4, 8, 0, 6, 1, 6, 3, 6, 0, 7, 4, 9, 0, 8, 2, 7, 5, 9, 4, 8, 5, 6, 3, 10, 5, 6, 1, 7, 5, 9, 4, 8, 1, 10, 1, 11, 0, 6, 1, 10, 4, 8, 5, 6, 0, 7]
Score Track : [-6, 44, 19, 3, 33, 32, 12, 25, 37, 54, 54, 57, 53, 28, 24, 43, 42, 43, 43, 3, -6, -3, 8, 8]

[Epoch 33/50]
P1 Score : 19, AI score : 29
Move History : [0, 6, 2, 6, 5, 8, 2, 6, 4, 7, 3, 6, 4, 9, 4, 8, 2, 9, 3, 10, 3, 7, 0, 6, 5, 6, 4, 7, 2, 6, 4, 7, 5, 6, 3, 11, 3, 10, 4, 8, 4, 6, 3, 11, 1, 11, 3, 9, 2, 8, 5, 11, 0, 10, 2, 9, 1, 6, 3, 6, 2, 10, 5, 7, 0, 6, 1, 11, 4, 9, 3, 8, 2, 6, 1, 10, 4, 6, 5, 6, 3, 6, 1, 7, 1, 9, 2, 10, 5, 11, 5, 7, 1, 8, 3, 9, 2, 6, 0, 10, 3, 6, 2, 11, 4, 11, 5, 6, 1, 7, 3, 10, 2, 8, 3, 9, 4, 6, 5]
Score Track : [47, 12, 11, 23, 31, 45, 47, 48, 47, 43, 20, 45, 29, 31, 48, 53, 58, 38, 30, 9, 16, 19, 9, 7, -6, -3, 0, -11, -8, 3, -6, 11, -3, -7, 0, 37, 13, 42, -4, 3, 18, 17, 25, 11, -2, -3, -9, -3, -3, 13, 11, 12, 4, 9, 1, -3, 7, 7, 7]

[Epoch 34/50]
P1 Score : 14, AI score : 34
Move History : [4, 10, 0, 8, 5, 10, 2, 6, 3, 7, 4, 7, 2, 8, 0, 10, 0, 9, 5, 7, 0, 6, 2, 9, 1, 11, 4, 10, 0, 11, 2, 7, 3, 11, 2, 7, 1, 6, 3, 11, 2, 10, 0, 7, 2, 9, 3, 8, 3, 10, 4, 11, 0, 6, 3, 10, 5, 8, 1, 6, 2, 7, 4, 6, 3, 11, 2, 10, 0, 9, 3, 11, 2, 8, 3, 9, 4, 6, 5]
Score Track : [-2, 42, 47, 28, 39, 43, 45, 36, 36, 30, 26, 24, 23, -5, -15, -21, 23, 25, 51, 3, 1, 0, 6, -5, -13, 1, 7, 10, -5, -3, -3, 5, 7, -1, -5, -13, 8, 8, 8]

[Epoch 35/50]
P1 Score : 25, AI score : 23
Move History : [3, 10, 0, 8, 5, 9, 4, 6, 0, 7, 2, 9, 0, 10, 0, 11, 0, 7, 3, 6, 1, 9, 4, 11, 3, 10, 2, 7, 0, 11, 1, 8, 0, 6, 4, 9, 5, 8, 1, 11, 0, 10, 2, 9, 0, 10, 1, 11]
Score Track : [-6, 42, 55, 12, 1, 42, 38, 40, 4, -22, -30, 0, 41, -5, 1, -7, -4, -4, 18, 20, 18, -8, -8, -8]

[Epoch 36/50]
P1 Score : 16, AI score : 32
Move History : [3, 8, 1, 6, 0, 7, 3, 8, 4, 10, 5, 8, 0, 7, 1, 11, 1, 8, 3, 6, 4, 8, 0, 10, 1, 6, 2, 6, 0, 10, 5, 7, 2, 10, 1, 8, 3, 6, 2, 8, 5, 10, 3, 11, 1, 6, 3, 9, 2, 11, 3, 6, 4, 10, 5, 8, 1, 11, 1, 6, 2, 9, 3, 7, 0, 10]
Score Track : [-6, 1, -10, -10, 39, 17, 43, 41, -8, 41, 10, 2, -11, 8, 7, 10, 12, 40, 36, 36, 42, 42, 6, 12, -10, 2, 17, 19, 12, 11, 22, 12, 24]

[Epoch 37/50]
P1 Score : 14, AI score : 34
Move History : [0, 11, 4, 8, 5, 9, 1, 7, 0, 10, 3, 9, 2, 8, 5, 6, 3, 8, 0, 9, 5, 6, 1, 11, 4, 11, 5, 8, 1, 7, 3, 7, 4, 11, 2, 8, 5, 8, 4, 7, 3, 8, 4, 9, 1, 7, 5, 6, 1, 8, 2, 7, 0, 8, 2, 9, 0, 10]
Score Track : [47, -14, 47, -1, 11, 18, 26, 24, 26, 39, 18, 16, 1, 34, 33, 39, 44, 18, 30, 31, 30, 30, 33, 38, 6, 6, 8, 10, 8]

[Epoch 38/50]
P1 Score : 14, AI score : 34
Move History : [0, 8, 4, 10, 3, 7, 1, 11, 2, 6, 2, 8, 0, 6, 1, 11, 2, 7, 1, 8, 4, 6, 0, 8, 2, 7, 3, 11, 4, 9, 5, 6, 4, 11, 5, 8, 2, 7, 3, 10, 3, 7, 5, 7, 2, 11, 0, 8, 0, 6, 1, 10, 3, 7, 2, 11, 0, 8, 5, 9, 2, 10, 4, 8, 3, 9, 5, 6, 4, 10, 0, 9, 5, 10, 1, 7, 5, 6, 3, 7, 2, 11]
Score Track : [47, 20, 25, 1, -14, -20, 37, 36, -15, -15, 18, 17, -12, -1, -1, 28, 38, 9, 11, 11, 7, 1, 5, -9, 22, 15, 1, 15, 18, 34, 6, 18, 3, 14, 6, 12, 12, 14, 15, 11, -7]

[Epoch 39/50]
P1 Score : 13, AI score : 35
Move History : [1, 11, 5, 7, 1, 10, 4, 7, 5, 9, 0, 6, 2, 6, 4, 6, 3, 10, 1, 7, 0, 6, 1, 7, 5, 10, 3, 7, 4, 9, 0, 7, 2, 11, 3, 6, 4, 9, 5, 6, 1, 11, 4, 9, 5, 7, 3, 6, 4, 7, 2, 10, 5, 11, 2, 9, 3, 10, 4, 11, 0, 8, 5, 7, 2, 9, 1, 11, 1, 8, 4, 9, 2, 6, 0, 10, 4, 9, 2, 7, 3, 8, 1, 9, 4, 7, 3, 8, 5, 9, 0, 10]
Score Track : [-8, -1, 36, 32, 37, 23, 40, 18, 35, 20, 30, 40, 42, 26, 25, 23, 23, 4, 6, 18, 19, 21, 19, 25, 26, 35, 22, 11, 29, 29, 9, 33, 7, 12, 4, 28, 12, -4, -8, -8, -5, 21, -6, -7, 10, 21]

[Epoch 40/50]
P1 Score : 19, AI score : 29
Move History : [5, 10, 0, 6, 5, 10, 1, 11, 3, 8, 0, 6, 1, 7, 5, 6, 0, 9, 2, 6, 4, 11, 0, 7, 2, 8, 3, 6, 4, 6, 2, 11, 5, 10, 4, 6, 1, 8, 4, 6, 5, 7, 2, 8, 1, 10, 0, 8, 2, 11, 0, 9, 1, 7, 2, 9, 5, 7, 3, 10, 2, 7, 1, 6, 5, 6, 4, 6, 5, 11, 1, 6, 0, 9, 1, 8, 1, 7, 2, 7, 5, 11, 0, 9, 4, 11, 5, 6, 1, 7, 0, 10, 3, 8, 0, 6, 5, 7, 4, 9, 1, 10, 0, 6, 1, 7, 2, 8, 3, 9, 4, 6, 5]
Score Track : [-6, 51, 54, 57, -13, -11, -12, 21, 21, 20, -1, -22, -7, 28, 29, 32, 34, 14, 16, 15, 24, 45, 32, 30, 43, 39, 13, 13, 17, 12, 3, 3, 3, 8, 20, -4, -8, -8, 7, 7, 15, -3, -9, 22, -7, -11, 6, 6, 9, 9, 12, 10, 11, 11, 11, 11]

[Epoch 41/50]
P1 Score : 14, AI score : 34
Move History : [4, 6, 0, 10, 5, 6, 4, 11, 3, 9, 1, 9, 3, 7, 1, 6, 5, 7, 0, 10, 4, 11, 2, 7, 0, 8, 2, 6, 1, 11, 1, 7, 3, 6, 0, 11, 5, 9, 5, 11, 3, 10, 2, 7, 0, 9, 1, 11, 3, 10, 2, 8, 1, 11, 4, 10, 3, 8, 1, 6, 2, 6, 3, 7, 4, 6, 5, 8, 0, 10, 4, 11, 0, 6, 5, 6, 2, 9]
Score Track : [-2, -13, -7, -9, -14, 26, 26, -9, -1, 33, 20, 3, 1, 26, -6, -10, 0, -1, 9, 17, -10, -3, -10, 22, -9, -13, -11, 13, 6, 9, -8, -4, 0, 13, 23, 4, -3, -3, 11]

[Epoch 42/50]
P1 Score : 18, AI score : 30
Move History : [5, 9, 0, 11, 3, 7, 0, 6, 4, 10, 0, 7, 2, 6, 3, 7, 4, 11, 1, 10, 3, 6, 5, 8, 5, 11, 0, 7, 3, 9, 0, 7, 2, 6, 5, 8, 4, 11, 2, 10, 2, 9, 1, 6, 0, 9, 4, 11, 5, 10, 1, 8, 2, 10, 5, 7, 3, 10, 1, 11, 5, 7, 4, 9, 3, 8, 4, 6, 2, 9, 0, 10, 0, 7, 2, 8, 1, 9, 2, 10, 5, 7, 3, 6, 4, 8, 5]
Score Track : [-6, 51, 21, 28, 39, 2, 34, 19, 39, 3, -1, 20, 37, 3, 19, 32, 2, 9, 29, 21, 15, 6, -2, 12, 17, 1, 9, 0, 4, 5, -7, 5, 7, 7, -4, 15, 10, 2, 5, 5, -3, 1, 4]

[Epoch 43/50]
P1 Score : 17, AI score : 31
Move History : [2, 9, 0, 6, 2, 7, 0, 10, 1, 11, 2, 8, 3, 6, 4, 6, 3, 7, 4, 9, 5, 7, 1, 10, 5, 11, 4, 9, 2, 6, 4, 9, 0, 9, 4, 10, 0, 7, 3, 8, 4, 10, 2, 7, 3, 8, 4, 9, 1, 6, 5, 11, 5, 9, 3, 10, 2, 6, 0, 7, 1, 9, 3, 10, 5, 8, 2, 9, 3, 6, 1, 11, 1, 10, 4, 6, 2, 10, 1, 7, 0, 11]
Score Track : [-2, 11, -11, 5, -9, -30, -5, -7, 4, 2, 39, 38, 45, 28, -11, -1, 7, 7, 5, 16, 15, 18, 15, 12, 9, 13, -12, 6, 1, -3, 23, -18, 4, 4, 6, 2, -2, 15, 5, 6, 14]

[Epoch 44/50]
P1 Score : 23, AI score : 25
Move History : [4, 10, 0, 7, 2, 7, 3, 10, 5, 6, 0, 9, 1, 9, 0, 8, 1, 10, 3, 8, 1, 6, 0, 8, 2, 6, 4, 10, 5, 7, 5, 11, 0, 7, 5, 10, 3, 11, 2, 6, 5, 11, 1, 6, 5, 6, 2, 7, 3, 8, 3, 6, 5, 9, 3, 6, 1, 7, 0, 9, 4, 7, 2, 6, 5, 7, 1, 8, 0, 6, 1, 7, 2, 6, 5, 8, 3, 10, 1, 6, 0, 7, 2, 8, 4, 11, 1, 6, 5, 9, 3, 11, 4, 6, 1, 10, 0, 8, 3, 7, 1, 11, 5, 6, 2, 8, 0, 6, 1, 7, 2, 11, 3, 6, 0, 10, 5, 6, 4, 6, 1, 7, 5, 6, 2, 7, 3, 11, 4, 9, 0, 8, 2, 9, 3, 10, 5, 6, 4, 7, 0, 11, 5, 8, 0, 6, 1, 7, 2, 9, 3, 8, 4, 10, 5]
Score Track : [-2, 42, 39, 33, 49, 61, 21, 21, 18, 11, 8, 10, 13, 36, 47, 38, 32, 37, 31, 26, -8, 17, 17, 18, 24, 21, 21, 7, 10, 23, 23, 9, 22, 14, 38, 22, 22, 28, 28, 15, 11, 3, -13, 23, 23, 13, 10, 11, 14, 6, 6, 10, 1, 19, 10, 10, -1, -1, 0, 2, 2, 4, 2, -4, -8, -2, -2, 2, 5, 5, -5, 4, 4, 3, 3, 3, 3]

[Epoch 45/50]
P1 Score : 23, AI score : 21
Move History : [1, 9, 3, 11, 3, 6, 1, 7, 0, 8, 1, 10, 2, 6, 1, 7, 5, 9, 0, 11, 3, 7, 0, 10, 5, 11, 2, 7, 5, 9, 3, 10, 1, 6, 5, 6, 3, 7, 0, 10, 1, 8, 2, 11, 2, 9, 0, 10, 2, 6, 1, 11, 0, 7, 2, 8, 1, 9, 4, 9, 5, 10, 0, 8, 3, 6, 5, 9, 2, 6, 3, 10, 0, 8, 4, 7, 1, 7, 0, 8, 4, 9, 2, 11, 1, 6, 4, 8, 2, 10, 4, 6, 1, 11, 3, 6, 5, 7, 2, 10, 0, 6, 1, 7, 4, 8, 3, 9, 1, 10, 5, 11, 3, 6, 0, 7, 4, 6, 5, 8, 2, 9, 3, 10, 1, 11, 4]
Score Track : [-8, 9, -3, 9, 24, 13, -14, -20, -6, 42, 9, 31, 15, 18, 17, 11, -13, -12, -12, -10, -8, -14, -28, 11, -25, -10, -17, -17, -18, -32, 1, 22, 23, 30, 14, 21, 9, 11, 17, 23, 20, 23, -3, 0, -2, -9, -11, -3, 18, 14, 7, 5, -2, -2, 6, 9, -5, 7, 4, 4, 7, 7, 0]

[Epoch 46/50]
P1 Score : 31, AI score : 17
Move History : [3, 11, 4, 9, 1, 11, 0, 6, 0, 9, 5, 6, 3, 9, 5, 10, 1, 11, 4, 7, 0, 8, 5, 6, 1, 7, 2, 8, 5, 11, 4, 10, 5, 11, 0, 7, 1, 9, 4, 7, 1, 6, 0, 10, 5, 6, 2, 8, 3, 6, 1, 8, 4, 9, 5, 7, 2, 11, 0, 9, 4, 8, 3, 10, 0, 9, 3, 10, 4, 11]
Score Track : [-6, 39, -7, -5, -20, 32, 35, 28, 16, 17, -1, 7, -15, -3, 33, 5, 31, -1, -1, -7, -9, -14, 20, -5, 7, -1, 17, 21, 17, 7, -4, -14, -12, -12, -12]

[Epoch 47/50]
P1 Score : 21, AI score : 27
Move History : [3, 10, 4, 9, 1, 8, 4, 6, 3, 11, 5, 9, 1, 10, 0, 6, 4, 6, 3, 8, 0, 7, 0, 10, 4, 8, 5, 7, 0, 8, 1, 8, 2, 7, 4, 6, 5, 6, 0, 7, 3, 6, 5, 7, 1, 6, 4, 10, 5, 7, 1, 11, 3, 8, 2, 6, 1, 7, 5, 8, 0, 11, 2, 9, 3, 7, 2, 6, 1, 10, 5, 8, 0, 9, 0, 11, 0, 10, 5, 6, 1, 7, 2, 8, 5, 9, 0, 11, 4, 9, 1, 11, 2, 7, 3, 8, 0, 6, 1, 7, 5, 6, 4, 11, 0, 7, 3, 6, 2, 7, 1, 8, 3, 9, 4, 10, 2, 11]
Score Track : [-6, 38, -4, 2, 25, 7, 2, 14, 18, 21, 17, 16, -27, 28, 29, 14, 23, 30, 31, 33, 25, 27, 37, 43, 42, 28, 32, 0, -1, 10, 49, 6, 14, 14, 1, -18, -18, -21, -25, 2, -1, -12, 5, 3, -2, 19, 13, 12, 9, -7, 11, 12, 21, 8, -2, -9, 15, 14, 2]

[Epoch 48/50]
P1 Score : 30, AI score : 18
Move History : [3, 10, 0, 6, 3, 8, 2, 6, 1, 6, 2, 7, 3, 10, 4, 9, 3, 6, 1, 10, 2, 6, 5, 6, 1, 8, 0, 9, 4, 6, 2, 7, 0, 11, 0, 7, 3, 8, 4, 11, 5, 9, 0, 7, 1, 6, 3, 7, 2, 9, 4, 8, 1, 9, 3, 11, 1, 10, 3, 9, 1, 8, 4, 9, 5, 8, 0, 6, 1, 9, 5, 7, 4, 10, 5, 9, 2, 8, 5, 7, 4, 10, 5, 9, 0, 10, 3, 8, 5, 9, 1, 10, 4, 11]
Score Track : [-6, 42, -17, 22, -9, -15, -4, 11, 10, 8, 33, 30, 26, 37, 33, 20, -16, 27, 20, 19, 24, 22, 28, 28, 28, 2, -1, 2, -9, 5, -4, -20, 10, 15, 14, 8, 2, -4, 12, 6, -6, 8, 14, 14, -8, -8, -4]

[Epoch 49/50]
P1 Score : 29, AI score : 19
Move History : [4, 10, 0, 11, 1, 9, 5, 8, 3, 7, 1, 6, 4, 6, 1, 11, 0, 10, 3, 8, 4, 9, 1, 6, 5, 6, 2, 8, 5, 10, 1, 11, 2, 9, 3, 6, 4, 11, 1, 6, 2, 7, 0, 11, 0, 9, 5, 7, 1, 6, 4, 7, 3, 10, 1, 11, 2, 8, 1, 9, 3, 6, 4, 6, 0, 11, 0, 10, 1, 11, 2, 7, 5]
Score Track : [-2, 42, 50, -16, 9, 9, 11, 10, -4, -29, 4, 0, 7, 13, 16, 11, 5, 11, 7, 5, 2, 3, -3, 8, 6, -6, -3, -13, 11, 1, 2, 4, -2, -5, -2, 7]

[Epoch 50/50]
P1 Score : 16, AI score : 32
Move History : [2, 10, 0, 9, 3, 6, 4, 9, 1, 6, 0, 11, 5, 8, 3, 9, 4, 10, 1, 8, 3, 9, 2, 9, 4, 7, 5, 6, 0, 10, 0, 9, 4, 8, 0, 11, 5, 6, 2, 9, 3, 11, 1, 7, 1, 8, 2, 9, 5, 6, 3, 11, 4, 8, 5, 9, 1, 10, 2, 7, 1, 11, 3, 6, 0, 8, 5, 8, 1, 6, 2, 9, 5, 11, 4, 8, 3, 9, 5, 6, 0, 10, 0, 7]
Score Track : [-2, 9, 8, 7, 20, 27, 35, 30, 37, 16, 16, 17, 6, 39, 36, 19, 30, 26, 14, 18, 13, -7, -9, -9, 14, -6, 18, -1, 2, 8, 4, -4, 2, 10, 4, 4, 10, 6, 1, 7, 7, 7]

P1 wins: 19, Tie :  1, Agent wins : 30