[Epoch  1/10]
P1 Score : 20, AI score : 28
Move History : [5, 8, 0, 10, 3, 7, 0, 8, 1, 11, 1, 9, 1, 8, 0, 10, 4, 9, 3, 6, 3, 10, 2, 8, 3, 9, 0, 7, 1, 10, 5, 9, 3, 11, 1, 9, 0, 10, 2, 11, 5, 6, 2, 8, 1, 7, 3, 6, 5, 10, 0, 6, 2, 7, 1, 11, 3, 9, 0, 10, 2, 6, 4, 11, 0, 8, 5, 11, 1, 7, 3, 8, 4, 6, 0, 9, 2, 8, 0, 9, 1, 7, 4, 6, 5, 9, 3, 10, 4, 11, 5]
Score Track : [26, 51, 35, 48, 47, 31, 21, 20, 25, 26, 19, 26, 35, 29, 32, 36, 39, 18, 15, 29, 18, 11, 9, 15, 17, 36, 13, -32, 14, 9, 10, 32, 15, 27, 13, 17, 19, 13, 11, 16, 15, 30, 21, 15, 15]

[Epoch  2/10]
P1 Score : 17, AI score : 31
Move History : [3, 6, 1, 11, 3, 7, 2, 6, 0, 11, 5, 11, 4, 9, 3, 11, 1, 6, 5, 9, 2, 7, 4, 8, 1, 10, 3, 6, 1, 7, 4, 6, 0, 6, 1, 8, 3, 7, 2, 11, 4, 6, 2, 9, 3, 7, 2, 9, 5, 9, 3, 11, 5, 10, 3, 7, 5, 9, 1, 11, 2, 6, 0, 7, 4, 7, 3, 6, 5, 7, 1, 8, 4, 10, 1, 11, 2, 9, 5, 11]
Score Track : [26, 21, 33, 23, 17, 29, 38, 35, 27, 29, 30, 33, 40, 24, 37, 40, 43, 50, 52, 51, 27, 19, 30, 36, 27, 27, 27, 19, 21, 17, 15, 15, 13, 14, 15, 16, 11, 13, 5, 18]

[Epoch  3/10]
P1 Score :  2, AI score : 46
Move History : [1, 8, 2, 6, 0, 10, 4, 6, 5, 10, 1, 11, 3, 10, 1, 11, 5, 8, 2, 6, 5, 6, 0, 9, 5, 10, 3, 8, 4, 6, 5]
Score Track : [24, 29, 25, 35, 35, 35, 33, 34, 34, 36, 28, 39, 31, 36, 36]

[Epoch  4/10]
P1 Score : 21, AI score : 27
Move History : [2, 8, 0, 10, 2, 6, 3, 8, 1, 6, 2, 7, 1, 10, 1, 8, 2, 11, 4, 7, 0, 6, 1, 7, 5, 9, 1, 10, 5, 7, 1, 8, 0, 9, 1, 10, 0, 11, 5, 7, 4, 9, 2, 9, 0, 10, 0, 8, 3, 10, 5, 6, 4, 6, 5, 7, 1, 11, 0, 6, 2, 7, 3, 8, 1, 9, 4, 10]
Score Track : [28, 33, 36, 43, 38, 34, 36, 32, 35, 24, 35, 45, 24, 39, 17, 4, 3, 15, 14, 13, 19, 14, 15, 17, 28, 18, 27, 29, 20, 10, 10, -2, -2, 0]

[Epoch  5/10]
P1 Score : 18, AI score : 30
Move History : [5, 8, 1, 9, 0, 6, 4, 11, 2, 6, 5, 7, 4, 9, 5, 11, 2, 8, 0, 9, 4, 11, 5, 7, 1, 7, 4, 6, 5, 10, 2, 11, 3, 9, 5, 7, 4, 9, 1, 6, 5, 6, 3, 7, 4, 11, 0, 8, 1, 10, 1, 6, 2, 6, 4, 11, 0, 9, 3, 7, 4, 10, 2, 6, 5, 6, 3, 7, 4, 10, 5]
Score Track : [26, 34, 35, 33, 23, 30, 26, 33, 20, 19, 33, 20, 23, 20, 20, 18, 17, 17, 24, 25, 26, 30, 25, 22, 15, 21, 14, 11, 12, 15, 13, 14, 15, 13, -7]

[Epoch  6/10]
P1 Score : 27, AI score : 21
Move History : [4, 6, 3, 8, 2, 6, 0, 7, 4, 11, 3, 9, 5, 8, 4, 6, 3, 11, 4, 9, 0, 7, 3, 8, 2, 11, 5, 6, 4, 10, 1, 6, 2, 9, 2, 7, 5, 6, 4, 8, 2, 9, 0, 11, 4, 7, 0, 6, 2, 10, 4, 7, 3, 10, 2, 8, 5, 6, 4, 7, 1, 11, 0, 8, 0, 9, 3, 11, 0, 10, 0, 7, 3, 6, 2, 7, 5, 11, 4, 6, 1, 6, 5, 7, 2, 11, 4, 10, 5, 8, 3, 10, 5, 9, 1, 10, 4, 11]
Score Track : [28, 33, 39, 36, 43, 20, 28, 28, 28, 24, 35, 24, 29, 31, 22, 16, 13, 23, 21, 23, 30, -24, 23, 18, 18, 11, 11, 24, 27, 27, 27, 11, 17, 17, 12, 12, 14, 12, 14, 16, 14, 17, 15, 9, -13, 10, 5, 2, -8]

[Epoch  7/10]
P1 Score : 27, AI score : 21
Move History : [4, 10, 3, 6, 5, 9, 4, 7, 5, 10, 0, 7, 1, 6, 3, 9, 4, 6, 5, 7, 2, 11, 4, 9, 5, 6, 2, 10, 1, 8, 2, 11, 0, 7, 2, 9, 4, 7, 0, 6, 3, 11, 0, 9, 4, 11, 0, 10, 2, 11, 5, 6, 1, 8, 5, 7, 3, 8, 1, 6, 2, 7, 4, 6, 3, 7, 5, 7, 4, 10, 1, 11, 4, 8, 2, 9, 4, 10, 2, 11]
Score Track : [28, 45, 52, 53, 42, 48, 45, 45, 43, 48, 46, 26, 34, 34, 28, 20, 24, -28, 29, 24, 29, 21, 22, 22, 20, 21, 19, 16, 18, 13, 13, 23, 23, 23, 23, 20, 10, 14, -5, -13]

[Epoch  8/10]
P1 Score : 17, AI score : 31
Move History : [0, 10, 2, 6, 5, 9, 0, 10, 3, 11, 0, 9, 2, 6, 5, 6, 3, 10, 1, 9, 2, 7, 3, 10, 2, 8, 0, 6, 2, 9, 4, 6, 2, 7, 1, 10, 1, 11, 3, 6, 0, 10, 1, 11, 3, 8, 2, 9, 3, 7, 4, 7, 5, 8, 3, 6, 1, 10, 2, 11, 0, 7, 3, 8, 4, 6, 2, 9, 0, 11, 0, 8, 4, 7, 1, 6, 3, 7, 2, 8, 5, 6, 4, 9, 0, 11, 5, 10, 4, 11, 2, 8, 3, 9, 1, 6, 5, 6, 2, 10, 3, 7, 5, 8, 4, 6, 5]
Score Track : [50, 24, 23, 30, 36, 44, 29, 32, 31, 27, 28, 21, 23, 35, 16, 27, 24, 8, 10, 10, 7, 28, 7, 18, 23, 24, 22, 19, 13, 18, 5, 8, 10, 12, 13, 12, 15, 24, 5, -18, 12, 15, 18, 5, 5, 4, 11, -8, 4, 4, -2, 0, 10]

[Epoch  9/10]
P1 Score : 30, AI score : 18
Move History : [5, 11, 4, 6, 1, 7, 1, 11, 3, 10, 0, 7, 1, 8, 5, 6, 4, 8, 0, 11, 3, 6, 5, 9, 3, 8, 5, 11, 1, 6, 3, 10, 3, 7, 1, 10, 3, 11, 1, 9, 4, 8, 2, 8, 1, 6, 3, 7, 2, 11, 2, 10, 4, 6, 0, 6, 5, 6, 0, 7, 2, 8, 1, 11, 5, 8, 4, 6, 0, 7, 2, 10, 3, 7, 4, 9, 2, 7, 1, 8, 5, 8, 2, 6, 3, 9, 1, 6, 5, 6, 4, 6, 2, 7, 3, 8, 4, 10, 3, 9, 2, 6, 0, 11, 2, 10, 0, 11, 5, 6, 1, 8, 4, 6, 3, 7, 0, 6, 4, 8, 2, 10, 4, 9, 0, 10, 2, 11, 1, 6, 3, 7, 2, 8, 5, 6, 3, 10, 0, 9, 1, 10, 4]
Score Track : [26, 40, 27, 36, 42, 37, 34, 38, 39, 25, 37, 33, 19, 31, 13, 9, 9, -37, -37, -37, 31, 29, 29, 31, 32, 27, 21, 17, 22, 30, 31, 39, 12, 32, 31, 30, 22, 24, 19, 17, 23, 21, 21, 24, 25, 27, 29, 26, 27, 19, 23, 25, 15, 4, 18, 13, 9, 12, 9, 13, 9, 9, 9, 15, 5, 5, -13, 9, 12, 9, 11]

[Epoch 10/10]
P1 Score : 26, AI score : 22
Move History : [1, 10, 4, 11, 5, 11, 2, 8, 2, 10, 4, 6, 3, 9, 3, 11, 1, 7, 5, 7, 2, 8, 5, 10, 2, 11, 3, 8, 5, 6, 2, 7, 3, 10, 1, 9, 1, 8, 2, 9, 0, 10, 4, 10, 3, 7, 1, 9, 5, 9, 0, 6, 3, 7, 1, 10, 0, 8, 1, 9, 3, 10, 2, 7, 5, 8, 3, 11, 2, 6, 1, 10, 3, 9, 4, 8, 2, 7, 5]
Score Track : [24, 27, 24, 31, 30, 27, 40, 45, 26, 42, 26, 40, 19, 26, 24, 13, 12, 13, -36, -30, -22, 4, 19, 22, 26, 33, 23, 10, 12, -1, 8, 6, 18, 18, 20, 12, 7, 11, 11]

P1 wins:  4, Tie :  0, Agent wins :  6