[Epoch  1/50]
P1 Score : 20, AI score : 28
Move History : [0, 10, 3, 6, 5, 6, 4, 8, 1, 8, 0, 10, 0, 11, 4, 7, 4, 6, 0, 8, 3, 11, 0, 6, 2, 7, 1, 8, 2, 6, 3, 8, 0, 6, 1, 7, 5, 8, 4, 6, 2, 7, 1, 11, 4, 8, 1, 11, 3, 9, 2, 7, 1, 6, 0, 7, 2, 11, 0, 8, 5, 8, 3, 6, 5, 10, 3, 8, 1, 10, 4, 10, 0, 6, 5, 6, 2, 9, 2, 10, 5, 11, 1, 6, 2, 8, 0, 11, 5, 7, 1, 8, 2, 10, 3, 7, 0, 11, 2, 10, 4, 6, 1, 8, 2, 7, 3, 8, 5, 9, 4, 10, 1, 6, 5, 9, 3, 11, 0, 6, 2, 10, 1, 7, 3, 8, 2, 9, 5, 10, 3, 11, 3, 6, 0, 7, 1, 8, 4, 10, 2, 6, 4, 11, 3, 7, 4, 8, 0, 10, 1, 9, 2, 11]
Score Track : [50, 24, 23, 28, 45, 45, 45, 31, 34, 33, 35, 30, 36, 23, 24, 39, 23, 22, 33, 34, 39, 43, 31, 36, 24, 24, 23, 23, 24, 20, 19, 24, 26, 17, 18, 28, 27, 27, 28, 23, 32, 13, 11, 13, 12, 23, 9, 17, 15, 13, 9, 9, 9, 9, 16, 15, 16, 18, 19, 13, 9, 7, -11, -11, 11, 13, 2, 15, 14, 11, 11, 7, 5, -1, -1, -5, -11]

[Epoch  2/50]
P1 Score : 27, AI score : 21
Move History : [2, 7, 5, 8, 0, 11, 2, 6, 1, 6, 2, 7, 4, 6, 0, 7, 5, 9, 0, 6, 3, 8, 5, 7, 1, 6, 4, 9, 1, 10, 5, 8, 0, 7, 2, 6, 1, 7, 3, 6, 4, 11, 5, 10, 2, 7, 3, 6, 0, 7, 5, 9, 5, 11, 0, 8, 1, 11, 5, 7, 4, 6, 2, 6, 3, 7, 5, 7, 4]
Score Track : [28, 49, 43, 28, 30, 30, 27, 26, 28, 25, 30, 40, 23, 33, 34, 21, 31, 31, 19, 29, 29, 15, 13, 12, 12, 12, 10, 16, 9, 15, 10, 10, 10, 8]

[Epoch  3/50]
P1 Score : 20, AI score : 28
Move History : [5, 10, 1, 11, 0, 6, 5, 6, 2, 6, 3, 10, 0, 8, 2, 6, 1, 11, 4, 11, 0, 8, 1, 10, 4, 7, 3, 6, 5, 8, 4, 7, 5, 9, 4, 8, 1, 7, 0, 11, 1, 6, 0, 10, 2, 10, 3, 8, 0, 6, 2, 7, 5, 7, 3, 11, 3, 8, 2, 11, 1, 9, 0, 10, 4, 11, 0, 9, 2, 6, 4, 10, 3, 8, 5, 6, 4, 7, 5, 8, 1, 9, 4, 10, 0, 11]
Score Track : [26, 30, 22, 14, 17, 28, 29, 27, 32, 26, 31, 37, 23, 22, 23, 17, 19, 18, 27, 26, 22, 21, 16, 17, 15, 16, 30, 21, 16, 20, -8, -13, 10, 11, 8, 12, 14, 12, 16, 17, 5, 5, 5]

[Epoch  4/50]
P1 Score : 18, AI score : 30
Move History : [0, 10, 4, 6, 2, 6, 4, 7, 2, 11, 4, 10, 5, 7, 2, 6, 4, 7, 0, 8, 0, 11, 3, 6, 1, 7, 3, 11, 4, 6, 2, 11, 3, 10, 5, 6, 0, 10, 4, 11, 0, 7, 3, 8, 0, 6, 5, 6, 2, 10, 1, 6, 3, 7, 2, 11, 4, 6, 2, 7, 5, 10, 0, 8, 0, 10, 1, 6, 3, 7, 4, 11, 5, 9, 1, 8, 2, 9, 5, 6, 4, 9, 5, 7, 0, 9, 1, 8, 3, 11, 1, 7, 3, 8, 2, 10, 4, 8, 3, 9, 5, 10, 2, 6, 3, 11, 2, 7, 0, 9, 3, 11, 4, 6, 5, 6, 2, 7, 1, 8, 4, 9, 2, 10, 5, 6, 3, 7, 4, 6, 1, 7, 5, 6, 2, 7, 3, 8, 4, 10, 5, 6, 0, 7, 2, 8, 1, 11]
Score Track : [50, 24, 26, 21, 8, 30, 33, 32, 32, 32, 35, 32, 30, 30, 28, 26, 32, 37, 31, 26, 26, 36, 39, 36, 44, 31, 30, 33, 25, 25, 24, 25, 28, 33, 28, 33, 29, 21, 22, 27, 28, 21, 20, 15, 17, 17, 19, 9, -12, -12, 11, 12, 11, 5, -6, -6, 9, 7, 5, -3, -1, -3, 13, 9, 8, 7, 12, 11, -5, -9, 13, 13, -9, -9]

[Epoch  5/50]
P1 Score : 23, AI score : 25
Move History : [2, 7, 0, 6, 5, 6, 1, 7, 4, 6, 5, 6, 3, 11, 3, 7, 4, 8, 5, 6, 1, 7, 0, 8, 3, 11, 5, 9, 4, 8, 2, 10, 4, 9, 3, 6, 4, 7, 5, 10, 0, 6, 1, 7, 3, 9, 0, 8, 2, 9, 0, 11, 1, 10, 1, 6, 4, 11, 2, 6, 4, 7, 3, 7, 5, 8, 4, 10, 0, 11, 5, 7, 0, 9, 1, 11, 0, 8, 1, 9, 2, 10, 3, 11]
Score Track : [28, 52, 58, 57, 48, 45, 47, 34, 35, 40, 41, 44, 33, 37, 24, 26, 26, 25, 23, 24, 23, 22, 9, 8, 7, 7, 12, 5, 4, 5, 9, 9, 9, 9, 10, 5, -4, 0, -4, -4, -4, 0]

[Epoch  6/50]
P1 Score : 27, AI score : 21
Move History : [4, 7, 2, 6, 4, 7, 1, 8, 3, 9, 5, 10, 3, 8, 2, 6, 4, 10, 3, 11, 0, 6, 1, 6, 3, 10, 5, 6, 0, 10, 1, 7, 2, 11, 3, 9, 5, 8, 2, 11, 1, 10, 0, 11, 2, 6, 4, 7, 5, 10, 3, 10, 0, 11, 3, 6, 1, 11, 4, 7, 5, 8, 2, 10, 3, 9, 0, 10, 2, 6, 1, 8, 3, 10, 5, 11, 0, 7, 5, 9, 4, 8, 5, 9, 3, 6, 1, 10, 2, 6, 5, 6, 3, 9, 0, 11, 1, 7, 5, 9, 3, 8, 2, 9, 3, 11, 4, 11, 0, 6, 1, 7, 5, 6, 2, 10, 1, 7, 4, 9, 2, 8, 4, 10, 3, 6, 5, 8, 4, 11, 3, 9, 5, 10, 4, 7, 5, 9, 1, 6, 0, 8, 2, 9, 3, 11, 4, 7, 0, 10, 5]
Score Track : [28, 47, 47, 46, 37, 39, 37, 36, 38, 46, 36, 44, 31, 42, 43, 34, 36, 23, 29, 30, 15, 40, 12, 26, 39, 38, 37, 27, 20, 24, 23, 30, 24, 22, 38, 27, 22, 27, 11, 12, 14, 24, 25, 16, 15, 17, 17, 15, 7, 14, 11, 11, 10, 8, 14, 9, 16, 11, 12, -10, -12, -8, 2, 10, 10, 6, 7, 9, 10, 9, 7, 9, 7, 7, 5]

[Epoch  7/50]
P1 Score : 19, AI score : 29
Move History : [0, 8, 2, 7, 1, 8, 3, 6, 5, 11, 5, 10, 3, 8, 2, 7, 5, 10, 4, 6, 3, 8, 2, 7, 5, 6, 3, 10, 0, 8, 1, 11, 1, 6, 3, 7, 5, 8, 4, 6, 5, 9, 2, 11, 0, 6, 4, 9, 2, 8, 3, 7, 0, 10, 3, 9, 1, 10, 0, 11, 0, 8, 5, 6, 1, 9, 2, 10, 3, 7, 4, 6, 5]
Score Track : [50, 39, 29, 36, 43, 22, 20, 27, 25, 36, 39, 41, 36, 40, 37, 30, 20, 23, 36, 19, 25, 18, 12, 19, 15, 12, 21, 8, 15, 18, 16, 9, 9, 5, 7, 9]

[Epoch  8/50]
P1 Score : 21, AI score : 27
Move History : [4, 6, 1, 7, 5, 6, 2, 6, 0, 7, 2, 8, 3, 7, 5, 11, 0, 8, 3, 6, 1, 6, 5, 11, 2, 7, 0, 8, 3, 9, 2, 6, 0, 7, 1, 11, 3, 10, 3, 9, 5, 7, 4, 8, 1, 7, 0, 11, 1, 6, 3, 10, 1, 7, 0, 11, 5, 7, 2, 8, 3, 6, 0, 7, 4, 10, 3, 11, 5, 9, 2, 7, 3, 6, 0, 11, 1, 8, 4, 10, 5, 9, 0, 11, 0, 10, 3, 11, 0, 7, 2, 6, 1, 7, 4, 8, 3, 10, 0, 11, 5, 9, 0, 6, 1, 10, 4, 11, 0, 7, 2, 8, 4, 9, 3, 10, 4, 11]
Score Track : [28, 24, 36, 32, 28, 34, 39, 34, 40, 40, 39, 31, 25, 25, 26, 28, 33, 32, 22, 15, 18, 24, 33, 34, 13, 18, 27, 25, 8, 15, 18, 17, 25, 18, 10, 12, 7, 5, 3, 6, 10, 13, 13, 14, 14, 6, 5, 9, 8, 13, 6, 11, 7, 3, 5, -3, -3, -1, 1]

[Epoch  9/50]
P1 Score : 12, AI score : 36
Move History : [5, 11, 3, 9, 4, 7, 1, 11, 4, 6, 5, 11, 0, 9, 3, 6, 2, 9, 4, 10, 2, 9, 3, 10, 1, 6, 4, 11, 4, 6, 2, 7, 3, 6, 5, 9, 4, 11, 3, 6, 0, 10, 3, 8, 4, 9, 3, 8, 2, 6, 5, 10, 1, 9, 4, 7, 3, 6, 1, 7, 4, 11, 2, 10, 5, 9, 0, 7, 2, 11, 0, 8, 4, 8, 0, 7, 2, 10, 1, 6, 0, 11, 3, 8, 5, 6, 4, 10, 5, 11, 0, 9, 4, 11, 2, 7, 1, 11, 4, 9, 3, 6, 5, 7, 4, 8]
Score Track : [26, 41, 40, 44, 41, 31, 31, 35, 43, 46, 37, 45, 26, 41, 33, 21, 21, 30, 32, 36, 27, 33, 34, 33, 32, 39, 39, 39, 39, 44, 41, 29, 22, 25, 25, 17, 31, 31, 30, 17, 17, 19, 26, 30, 25, 19, 12, 9, -18, 6, 11, 14, 12]

[Epoch 10/50]
P1 Score : 34, AI score : 14
Move History : [1, 6, 4, 8, 0, 11, 1, 7, 1, 9, 0, 6, 3, 11, 1, 8, 5, 9, 2, 10, 2, 8, 1, 9, 0, 6, 1, 9, 4, 7, 5, 6, 0, 11, 1, 6, 2, 6, 3, 9, 2, 8, 5, 10, 5, 11, 3, 7, 3, 10, 1, 7, 5, 6, 4, 10, 5, 9, 2, 10, 3, 8, 5, 10, 4, 9, 5, 7, 1, 10, 5, 6, 3, 11, 4, 8, 0, 10, 5, 9, 4, 10, 5, 6, 2, 6, 3, 6, 4, 11, 2, 7, 5]
Score Track : [24, 24, 26, 16, 31, 25, 34, 20, 21, 31, 30, 29, 36, 25, 34, 35, 31, 21, 20, 27, 31, 37, 24, 31, 15, 18, 24, 33, 33, 29, 30, 29, 34, 31, 36, 39, 34, 14, -5, -3, -15, -3, 1, 20, 18, 15]

[Epoch 11/50]
P1 Score : 22, AI score : 26
Move History : [1, 8, 4, 10, 2, 7, 0, 11, 5, 8, 3, 7, 4, 6, 3, 8, 1, 10, 3, 9, 5, 6, 2, 8, 5, 7, 3, 11, 4, 6, 1, 7, 0, 7, 2, 10, 1, 9, 0, 6, 2, 6, 5, 8, 1, 6, 2, 10, 3, 9, 4, 8, 1, 6, 5, 10, 2, 7, 0, 10, 1, 11, 3, 7, 4, 8, 5, 6, 1, 11, 0, 7, 2, 6, 5, 8, 3, 6, 4, 9, 4, 7, 3, 10, 5, 6, 4, 7, 2, 9, 3, 11, 0, 8, 4, 11, 2, 9, 0, 10, 5, 11, 3, 6, 1, 7, 4, 8, 2, 9, 3, 6, 5, 11, 0, 6, 4, 10, 5, 11, 0, 6, 1, 7, 3, 8, 2, 11, 0, 9, 3, 10, 0, 11]
Score Track : [24, 33, 34, 32, 39, 37, 22, 34, 34, 32, 19, 22, 30, 23, 23, 23, 21, 18, 15, 27, 15, 17, 17, 18, 28, 27, 24, 24, 27, 27, 15, 10, -12, 18, 10, 16, 12, 14, 9, 10, 13, 11, 9, 11, -5, 9, -3, -3, -9, -9, 10, 9, 7, 7, 7, 7, 7, 10, 5, 11, 9, 7, -7, -7, -1, 1, -1]

[Epoch 12/50]
P1 Score : 20, AI score : 28
Move History : [4, 8, 1, 9, 3, 8, 1, 11, 0, 7, 1, 6, 2, 11, 3, 10, 3, 7, 4, 8, 0, 9, 0, 11, 5, 10, 4, 9, 0, 10, 3, 6, 4, 9, 5, 10, 1, 9, 0, 8, 4, 11, 1, 9, 2, 6, 4, 6, 3, 8, 4, 9, 0, 6, 1, 7, 2, 8, 3, 9, 4, 10, 0, 11]
Score Track : [28, 33, 35, 32, 35, 31, 24, 23, 13, 36, 19, 31, 25, 22, 24, 25, 23, 23, 21, 22, 24, 16, 17, 18, 13, 12, 13, 7, -3, -11, -3, -3]

[Epoch 13/50]
P1 Score : 24, AI score : 24
Move History : [4, 9, 0, 10, 2, 8, 3, 6, 0, 8, 2, 7, 2, 10, 5, 8, 4, 6, 5, 11, 3, 7, 0, 6, 4, 10, 3, 6, 5, 6, 1, 7, 3, 9, 5, 9, 4, 6, 2, 8, 2, 7, 4, 10, 2, 8, 5, 6, 1, 11, 4, 6, 2, 9, 4, 10, 5, 6, 3, 9, 5, 11, 0, 6, 3, 9, 5, 8, 4, 6, 2, 10, 0, 8, 2, 11, 0, 9, 5, 10, 1, 9, 5, 11, 3, 10, 5, 7, 3, 8, 5, 11, 4, 7, 5]
Score Track : [28, 50, 29, 43, 42, 39, 10, 42, 45, 47, 17, 26, 26, 19, 16, 23, 22, 25, 29, 29, 28, 8, 26, 25, 23, 17, 18, 15, 15, 17, 16, 16, 22, 17, 19, 24, 14, 21, 14, 21, 20, 17, 15, 19, 13, -12, 9]

[Epoch 14/50]
P1 Score : 22, AI score : 26
Move History : [4, 9, 0, 6, 1, 7, 1, 11, 3, 10, 5, 9, 2, 6, 0, 9, 4, 6, 1, 10, 2, 9, 4, 6, 3, 11, 5, 6, 4, 6, 3, 10, 0, 9, 4, 7, 2, 8, 1, 8, 2, 7, 3, 6, 4, 10, 1, 9, 5, 6, 4, 9, 3, 8, 1, 7, 4, 11, 1, 8, 3, 7, 4, 6, 2, 10, 4, 7, 1, 8, 3, 9, 3, 10, 0, 7, 3, 8, 2, 11, 1, 7, 2, 6, 4, 6, 0, 10, 0, 7, 3, 9, 0, 8, 1, 7, 2, 6, 4, 11, 0, 7, 1, 8, 5, 7, 2, 10, 0, 11, 1, 9, 2, 11, 3, 7, 5, 6, 1, 8, 4, 6, 5, 7, 2, 11, 4, 10, 0, 9, 3, 10, 4, 6, 1, 7, 2, 11, 0, 8, 1, 10, 5, 9, 3, 7, 5, 11, 0, 6, 2, 7, 4, 6, 5, 6, 1, 7, 2, 8, 3, 9, 5, 6, 0, 7, 4, 8, 1, 11, 5, 6, 0, 7, 1, 8, 3, 9, 2, 11, 0, 10, 4, 6, 5, 11, 3, 6, 1, 7, 4, 9, 3, 10, 5, 8, 2, 6, 4, 9, 3, 11, 0, 6, 1, 7, 2, 8, 3, 9, 4, 6, 5]
Score Track : [28, 50, 57, 32, 22, 25, 36, 32, 43, 42, 33, 31, 41, 35, 36, 41, 32, 31, 43, 43, 24, 31, 37, 31, 34, 37, 49, 33, 30, 35, 32, 33, 29, 21, 18, 15, 14, 17, 21, 28, 8, 10, 18, 13, 17, 15, 16, 16, 17, 16, 5, -20, 17, 9, -16, -20, 9, 9, 9, 7, 9, 9, 10, 10, 12, 11, 10, 9, -10, -10, -10, 10, 2, 8, 11, 5, 7, 9, 7, 2, -4, 10, 7, 2, 2, 8, 5, -2, -2, -2, -8, 7, 9, 9, 0, 6, -6, 6, 6, 6, 6, 8, 2, 2, 2, 2]

[Epoch 15/50]
P1 Score : 23, AI score : 25
Move History : [3, 8, 5, 8, 0, 9, 3, 6, 5, 9, 4, 11, 4, 7, 3, 6, 5, 6, 2, 9, 3, 10, 0, 7, 5, 8, 1, 9, 3, 11, 0, 6, 1, 10, 5, 10, 0, 7, 2, 11, 5, 8, 2, 10, 1, 7, 5, 6, 4, 8, 5, 11, 0, 10, 1, 6, 3, 6, 4, 6, 2, 9, 5, 10, 1, 11, 0, 6, 2, 7, 2, 8, 1, 11, 2, 9, 4, 10, 3, 7, 0, 11, 5, 6, 0, 7, 1, 8, 2, 9, 3, 10, 4, 6, 5]
Score Track : [26, 40, 47, 31, 31, 39, 35, 38, 43, 31, 45, 17, 35, 43, 17, 12, 12, 22, 22, 21, 10, 10, 9, 10, -23, 30, 22, 13, 12, 12, 20, 18, 12, 12, 7, -3, -1, -1, -1, 10, 12, 8, 7, -7, -7, 7, 5]

[Epoch 16/50]
P1 Score : 11, AI score : 37
Move History : [2, 9, 4, 6, 3, 9, 4, 11, 0, 7, 0, 10, 5, 6, 2, 10, 3, 8, 4, 10, 1, 9, 1, 7, 0, 8, 4, 9, 1, 11, 4, 6, 5, 10, 1, 6, 0, 9, 3, 8, 2, 7, 4, 11, 3, 9]
Score Track : [28, 35, 38, 39, 28, 27, 36, 32, 33, 40, 33, 34, 39, 44, 20, 35, 29, 15, 13, 18, 10, 24, 2]

[Epoch 17/50]
P1 Score : 21, AI score : 27
Move History : [5, 8, 1, 6, 3, 11, 2, 9, 0, 11, 4, 7, 0, 9, 1, 8, 5, 10, 4, 9, 1, 6, 5, 10, 3, 6, 4, 7, 1, 8, 1, 9, 2, 7, 3, 6, 0, 10, 1, 11, 4, 6, 5, 10, 3, 7, 5, 9, 4, 10, 5, 6, 1, 7, 2, 11, 0, 8, 0, 11, 5, 9, 4, 10, 3, 6, 5, 11, 2, 6, 4, 6, 3, 7, 1, 9, 5, 6, 3, 7, 0, 8, 4, 10, 0, 6, 2, 7, 1, 9, 3, 8, 0, 9, 1, 11, 2, 10]
Score Track : [26, 34, 33, 26, 21, 33, 28, 51, 47, 24, 27, 27, 30, 27, 13, 1, 37, 39, 33, 35, 11, 14, 17, -14, -8, 16, 15, 2, -11, -11, 5, -9, 11, 11, 5, 7, 5, -9, 7, 5, -3, 7, 7, 7, -5, 1, 1, 1, -3]

[Epoch 18/50]
P1 Score : 33, AI score : 15
Move History : [2, 7, 3, 10, 2, 11, 3, 6, 4, 6, 5, 9, 3, 8, 2, 11, 2, 9, 3, 10, 3, 7, 4, 8, 5, 6, 2, 9, 1, 10, 3, 11, 5, 8, 3, 9, 2, 6, 5, 7, 1, 10, 4, 9, 5, 8, 0, 11, 0, 9, 1, 10, 3, 9, 2, 10, 3, 11]
Score Track : [28, 40, 37, 24, 33, 49, 48, 40, 30, 30, 26, 26, 28, 28, 27, 26, 12, 23, 19, 22, 8, -29, 25, -10, -16, -16, 17, -16, -16]

[Epoch 19/50]
P1 Score : 16, AI score : 32
Move History : [0, 7, 1, 6, 4, 8, 1, 10, 4, 6, 2, 9, 4, 10, 5, 6, 1, 8, 3, 10, 4, 11, 1, 9, 2, 10, 1, 7, 2, 6, 4, 8, 5, 10, 1, 6, 3, 11, 3, 6, 0, 6, 3, 11, 5, 10, 4, 11, 5, 9, 3, 11, 1, 7, 1, 10, 2, 6, 5, 6, 3, 8, 0, 10, 2, 9]
Score Track : [50, 51, 58, 53, 40, 36, 29, 36, 52, 43, 45, 22, 26, 9, 24, 26, 34, 32, 32, 20, 16, 14, 14, 27, 15, 29, 19, -15, 10, 14, 14, 2, 0]

[Epoch 20/50]
P1 Score : 22, AI score : 26
Move History : [4, 6, 3, 7, 2, 6, 1, 6, 3, 11, 0, 9, 5, 11, 0, 6, 3, 7, 5, 11, 4, 6, 5, 7, 0, 10, 4, 9, 3, 6, 2, 8, 5, 11, 0, 6, 1, 7, 2, 11, 4, 8, 3, 10, 0, 6, 1, 8, 4, 9, 5, 8, 1, 7, 3, 6, 2, 6, 3, 7, 4, 6, 5, 6, 0, 11, 1, 6, 2, 8, 4, 6, 5, 9, 1, 11, 3, 6, 2, 10, 0, 6, 3, 8, 4, 10, 5, 7, 4, 8, 0, 6, 2, 9, 0, 8, 1, 10, 5, 11, 2, 9, 1, 6, 0, 8, 2, 7, 3, 6, 4, 6, 5, 6, 1, 7, 2, 9, 3, 8, 4, 9, 0, 11, 0, 10, 5, 11]
Score Track : [28, 33, 44, 27, 23, 37, 33, 41, 35, 30, 42, 43, 42, 38, 44, 43, 38, 23, 20, 22, 30, 33, 39, 46, 29, 28, 27, 43, 27, 26, 27, 31, 29, 17, 16, 18, 20, 24, 27, 26, 17, 13, 20, 22, 18, 18, 11, 19, 13, 18, 8, 18, 19, 7, 9, 6, 8, 7, 2, 0, 2, 2, 0, 5]

[Epoch 21/50]
P1 Score : 25, AI score : 23
Move History : [3, 6, 0, 8, 2, 11, 5, 7, 1, 11, 1, 6, 3, 8, 4, 6, 2, 6, 4, 10, 4, 8, 3, 6, 2, 9, 5, 10, 1, 8, 2, 6, 3, 8, 5, 6, 4, 7, 5, 9, 0, 9, 5, 11, 4, 6, 3, 11, 1, 8, 5, 6, 4, 11, 5, 10, 1, 6, 0, 9, 4, 8, 3, 11, 4, 10, 1, 7, 1, 6, 2, 6, 5, 6, 0, 7, 2, 8, 1, 9, 4, 6, 0, 11, 5, 10, 3, 11]
Score Track : [26, 21, 42, 38, 27, 23, 26, 37, 37, 38, 33, 34, 42, 51, 42, 42, 48, 43, 48, 47, 42, 42, 21, 21, 17, 23, 24, 20, 13, 14, 12, 13, 9, 10, 21, 6, 8, 5, -1, -1, 15, 16, 17, -3]

[Epoch 22/50]
P1 Score : 35, AI score : 13
Move History : [4, 7, 3, 10, 4, 8, 0, 6, 1, 9, 1, 7, 2, 9, 5, 6, 3, 8, 0, 11, 0, 7, 5, 6, 2, 11, 5, 9, 3, 10, 1, 9, 3, 10, 0, 6, 1, 8, 2, 6, 0, 11, 5, 10, 1, 9, 3, 6, 0, 10, 1, 8, 4, 6, 5, 10, 1, 8, 3, 7, 2, 10, 0, 6, 4, 8, 1, 9, 1, 6, 0, 11, 1, 6, 0, 7, 1, 8, 2, 6, 5]
Score Track : [28, 45, 36, 39, 40, 39, 38, 42, 43, 41, 33, 22, 24, 33, 13, 18, 16, 33, 32, 17, 18, 16, 16, 19, 16, 18, 21, 28, 30, 30, 19, 34, 29, 22, 29, 30, -8, -8, -8, -5]

[Epoch 23/50]
P1 Score : 28, AI score : 20
Move History : [0, 10, 4, 11, 4, 6, 0, 10, 1, 9, 1, 7, 5, 10, 0, 8, 5, 9, 3, 11, 4, 10, 3, 6, 5, 6, 2, 9, 4, 8, 3, 6, 5, 8, 4, 9, 5, 7, 3, 8, 5, 6, 0, 6, 5, 9, 3, 11, 2, 6, 1, 9, 2, 7, 3, 7, 0, 6, 4, 7, 0, 10, 2, 9, 4, 11, 2, 6, 3, 10, 5, 6, 4, 7, 1, 8, 3, 11, 2, 10, 1, 6, 0, 7, 5, 7, 2, 8, 4, 9, 2, 6, 5, 10, 1, 7, 3, 9, 4, 8, 5, 9, 2, 10, 3, 11]
Score Track : [50, 24, 14, 11, 46, 20, 26, 37, 19, 34, 24, 22, 23, 22, 28, 32, 26, 26, 15, 20, 22, 28, 19, 26, 24, 16, 17, 19, 19, 28, 28, 20, 17, 17, 14, 21, 19, 15, 16, 16, 7, 7, 10, 10, 20, 22, 23, 14, 16, 17, -9, -9, -9]

[Epoch 24/50]
P1 Score : 17, AI score : 31
Move History : [3, 11, 2, 6, 5, 7, 0, 8, 0, 11, 0, 6, 4, 11, 0, 6, 1, 7, 3, 10, 5, 6, 3, 8, 0, 11, 2, 8, 5, 9, 4, 6, 5, 6, 0, 8, 2, 11, 0, 7, 1, 9, 5, 7, 4, 8, 3, 6, 1, 7, 2, 8, 0, 9, 4, 11, 5, 6, 0, 10, 4, 9, 5, 8, 0, 11, 1, 9, 5, 10, 0, 7, 4, 11, 0, 8, 5, 6, 1, 7, 3, 8, 2, 10, 3, 6, 4, 6, 5]
Score Track : [26, 26, 30, 44, 43, 31, 37, 35, 32, 30, 24, 15, 44, 28, 29, 21, 19, 13, 34, 23, 28, 19, 16, 24, 26, 21, 21, 21, 17, 17, 13, 18, 15, 11, 7, 8, 12, 11, 12, 6, 0, 0, 6, 8]

[Epoch 25/50]
P1 Score : 33, AI score : 15
Move History : [1, 6, 3, 6, 5, 7, 0, 8, 4, 7, 1, 9, 0, 8, 1, 6, 2, 6, 1, 7, 5, 8, 2, 9, 2, 6, 4, 11, 2, 9, 5, 10, 5, 9, 3, 8, 1, 9, 5, 6, 3, 11, 3, 7, 4, 9, 5, 7, 1, 10, 2, 9, 1, 8, 0, 6, 2, 8, 3, 6, 5, 8, 1, 10, 3, 11, 0, 7, 2, 11, 3, 8, 5, 9, 0, 10, 1, 11]
Score Track : [24, 26, 27, 49, 51, 37, 44, 44, 41, 42, 46, 41, 53, 37, 23, 14, 17, 15, 17, 23, 28, 14, 28, 22, 24, 13, 17, -5, 14, 15, 18, 15, 16, 8, 9, 14, -12, -12, -12]

[Epoch 26/50]
P1 Score : 13, AI score : 35
Move History : [2, 6, 1, 8, 5, 6, 2, 7, 4, 6, 5, 7, 0, 8, 2, 11, 5, 9, 4, 10, 2, 7, 0, 8, 4, 11, 3, 10, 5, 11, 1, 6, 3, 11, 2, 10, 5, 8, 4, 7, 3, 8, 1, 11, 0, 6, 5, 7, 2, 6, 4, 10, 5, 11, 3, 6, 4, 7, 5]
Score Track : [28, 26, 38, 49, 43, 45, 36, 48, 15, -21, 4, -23, -19, 20, 34, 25, 17, 13, 16, 18, 18, 19, 16, 17, 24, 14, 16, 15, 15]

[Epoch 27/50]
P1 Score : 21, AI score : 27
Move History : [5, 7, 2, 10, 4, 6, 2, 7, 3, 7, 5, 9, 2, 10, 1, 11, 0, 9, 4, 6, 5, 6, 0, 7, 2, 9, 4, 10, 1, 8, 1, 6, 2, 11, 2, 9, 0, 6, 5, 7, 3, 8, 5, 11, 0, 10, 1, 11, 5, 6, 2, 7, 3, 6, 4, 8, 5]
Score Track : [26, 48, 45, 52, 41, 44, 39, 39, 29, 23, 19, 26, 23, 33, 33, 32, 18, 8, 24, 14, -12, 22, 25, -15, 1, 1, -1, 1]

[Epoch 28/50]
P1 Score : 27, AI score : 21
Move History : [2, 10, 0, 6, 2, 7, 3, 6, 4, 7, 1, 6, 4, 9, 2, 6, 3, 11, 3, 7, 1, 6, 3, 9, 2, 8, 3, 10, 2, 6, 3, 11, 0, 9, 4, 8, 2, 11, 5, 7, 1, 6, 2, 11, 5, 6, 1, 7, 3, 9, 4, 8, 4, 6, 1, 9, 5, 6, 0, 10, 4, 11, 1, 9, 2, 6, 4, 8, 5, 6, 3, 7, 3, 6, 5, 6, 4, 10, 1, 8, 0, 6, 1, 11, 5, 10, 0, 6, 1, 7, 2, 8, 3, 6, 4, 11, 5]
Score Track : [28, 34, 24, 36, 45, 38, 40, 33, 35, 15, 21, 25, 21, 17, 22, 17, 8, 16, 13, 19, 22, 26, 24, 36, 32, 26, 23, 17, 29, 28, 17, 9, 14, 11, 16, 17, 17, 17, 17, 12, 12, 11, 6, 11, 9, 9, 9, 9]

[Epoch 29/50]
P1 Score :  7, AI score : 41
Move History : [3, 6, 0, 11, 1, 7, 0, 8, 2, 6, 5, 6, 1, 8, 0, 7, 1, 9, 1, 8, 0, 11, 5, 9, 1, 7, 4, 8, 2, 11, 1, 8, 3, 9, 5, 7, 4, 6, 5]
Score Track : [26, 21, 16, 32, 20, 28, 27, 28, 28, 41, 39, 33, 33, 35, 28, 36, 31, 31, 31]

[Epoch 30/50]
P1 Score : 10, AI score : 38
Move History : [3, 10, 4, 6, 2, 11, 4, 9, 5, 7, 3, 6, 4, 6, 0, 11, 0, 7, 4, 6, 2, 6, 4, 9, 1, 7, 4, 8, 0, 6, 1, 7, 5, 10, 3, 11, 4, 9, 1, 6, 2, 6, 0, 7, 4, 11, 5, 8, 2, 7, 4, 11, 1, 6, 2, 7, 5, 7, 3, 8, 4, 7, 1, 10, 5, 11]
Score Track : [26, 46, 37, 37, 30, 41, 42, 45, 29, 28, 30, 29, 28, 27, 40, 47, 27, 32, 19, 16, 22, 16, 21, 27, 19, 17, 26, 26, 26, 26, 23, 23, 25]

[Epoch 31/50]
P1 Score : 30, AI score : 18
Move History : [2, 8, 3, 7, 4, 6, 1, 10, 0, 6, 4, 8, 1, 7, 2, 9, 3, 8, 1, 11, 3, 7, 1, 9, 2, 6, 3, 11, 5, 7, 4, 6, 2, 7, 1, 10, 3, 9, 0, 8, 4, 11, 1, 10, 0, 7, 4, 6, 3, 9, 5, 7, 2, 7, 0, 6, 1, 9, 0, 7, 1, 11, 0, 10, 3, 11, 2, 8, 2, 11, 1, 6, 2, 7, 5, 10, 3, 8, 5, 11, 4, 6, 1, 10, 2, 9, 3, 7, 0, 8, 2, 9, 5, 10, 4, 11]
Score Track : [28, 35, 36, 43, 50, 33, 36, 22, 40, 38, 19, 33, 24, 19, 26, 35, 25, 18, 24, 24, 36, 22, 23, 20, 14, 20, 23, 28, 22, 21, 21, 7, 13, 14, 8, 14, 14, 19, 17, 16, 12, 9, 14, 13, -10, 4, 21, -8]

[Epoch 32/50]
P1 Score : 19, AI score : 29
Move History : [2, 8, 0, 11, 2, 6, 0, 11, 0, 7, 0, 11, 5, 10, 1, 9, 1, 7, 5, 10, 2, 7, 0, 6, 4, 7, 2, 8, 0, 10, 2, 9, 2, 10, 3, 7, 4, 11, 1, 9, 5, 10, 1, 6, 0, 11, 5, 8, 5, 9, 4, 6, 1, 7, 1, 10, 4, 8, 0, 9, 1, 10, 2, 8, 4, 11, 1, 6, 4, 7, 2, 10, 5, 6, 0, 10, 2, 8, 4, 10, 3, 11, 2, 6, 1, 9, 0, 8, 1, 11, 4, 10, 2, 7, 4, 9, 5, 10, 0, 6, 3, 9, 5, 8, 4, 7, 5, 9, 1, 8, 2, 11, 1, 6, 4, 7, 0, 10]
Score Track : [28, 33, 29, 37, 36, 35, 37, 17, 14, 18, 18, 17, 20, 39, 38, 40, 35, 41, 45, 18, 29, 24, 24, 28, 28, 21, 20, -19, 2, 0, 19, 8, 22, 16, 8, -11, 13, 11, 13, 13, 22, 14, 7, 16, 0, 7, 12, -2, 14, 9, 19, 15, 13, 17, 12, 12, 11, 5, -6]

[Epoch 33/50]
P1 Score : 20, AI score : 28
Move History : [3, 8, 1, 9, 4, 7, 0, 9, 3, 8, 1, 10, 2, 10, 1, 11, 0, 6, 2, 8, 3, 9, 1, 11, 3, 8, 5, 6, 2, 8, 4, 11, 1, 6, 0, 7, 3, 6, 0, 8, 5, 6, 1, 7, 4, 6, 5, 7, 3, 6, 4, 11, 1, 8, 5, 6, 2, 8, 5, 11, 3, 7, 4, 9, 5, 8, 2, 10, 2, 7, 3, 9, 4, 10, 1, 6, 4, 7, 3, 8, 0, 10, 5, 11, 5, 9, 3, 8, 2, 7, 3, 9, 5, 6, 4, 7, 5]
Score Track : [26, 29, 37, 35, 38, 46, 38, 46, 15, 15, 20, 26, 20, 22, 13, 26, 25, 25, 18, 15, 33, 25, 31, 32, 31, 32, 26, 29, 29, 31, 30, 32, 16, 22, 14, 14, 20, 21, 21, 9, 8, 25, 8, 5, 5, 5, 11, 11]

[Epoch 34/50]
P1 Score :  7, AI score : 23
Move History : [5, 7, 3, 8, 2, 6, 5, 8, 0, 9, 2, 6, 4, 8, 3, 10, 4, 6, 5, 9, 0, 6, 2, 8, 4, 7, 3, 7, 4, 6, 0, 10, 0, 11, 5, 6, 1, 6, 2, 11, 3, 6, 4, 6, 5, 9, 3, 6, 0, 11, 3, 7, 1, 9, 0, 11, 2, 6, 5, 6, 3, 7, 0, 9, 4, 6, 5, 6, 0, 7, 1, 10, 4, 9, 2, 10, 1, 6, 4, 7, 5, 6, 2, 7, 3, 6, 0, 7, 5, 6, 4, 9, 5, 8]
Score Track : [26, 46, 32, 32, 41, 43, 53, 49, 45, 38, 44, 45, 44, 46, 46, 44, 41, 30, 18, 14, 13, 27, 31, 29, 27, 30, 20, 39, 20, 25, 25, 29, 34, 25, 25, 25, 23, 24, 25, 28, 29, 30, 31, 31, 28, 31, 30]

[Epoch 35/50]
P1 Score : 16, AI score : 32
Move History : [0, 6, 5, 8, 2, 6, 1, 11, 1, 7, 4, 7, 3, 10, 3, 8, 2, 6, 1, 8, 0, 9, 1, 10, 5, 11, 5, 6, 4, 6, 2, 10, 5, 11, 1, 7, 3, 9, 3, 6, 1, 7, 4, 10, 5, 11, 2, 9, 0, 10, 3, 9, 5, 10, 4, 8, 1, 6, 1, 7, 0, 9, 5, 10, 0, 7, 2, 10, 0, 7, 4, 11, 5, 10, 1, 7, 4, 8, 1, 6, 0, 10, 3, 6, 5, 7, 1, 11, 0, 6, 1, 8, 2, 7, 4, 9]
Score Track : [50, 54, 41, 32, 22, 26, 32, 43, 37, 38, 28, 38, 32, 15, 33, 29, 36, 37, 40, 37, 37, 45, 50, 29, 28, 31, 39, 40, 29, 31, 13, 37, 33, 31, 32, 10, 25, 12, 18, 10, 9, 11, 15, 15, 9, 0, 8, 0]

[Epoch 36/50]
P1 Score : 13, AI score : 35
Move History : [3, 8, 0, 9, 2, 8, 5, 6, 0, 8, 4, 11, 5, 6, 3, 9, 3, 6, 2, 8, 4, 6, 0, 10, 1, 7, 2, 6, 1, 8, 5, 6, 3, 6, 2, 10, 3, 11, 3, 9, 4, 11, 5, 6, 2, 8, 5, 11, 2, 10, 4, 7, 3, 6, 0, 9, 3, 6, 4, 10, 1, 6, 2, 8, 5, 7, 0, 8, 5, 10, 4, 6, 1, 7, 3, 11, 1, 8, 5, 11, 3, 9, 5, 11, 1, 6, 0, 8, 2, 8, 4, 7, 1, 9, 5, 10, 2, 6, 1, 10, 3, 7, 0, 9, 2, 11, 4, 9, 3, 8, 5, 9, 4, 6, 5]
Score Track : [26, 45, 35, 47, 52, 48, 38, 40, 37, 36, 42, 39, 42, 26, 21, 41, 45, 48, 44, 24, 28, 43, 34, 41, 31, 29, 30, 29, 29, 22, 24, 27, 40, 13, 38, 38, 44, 31, 16, 36, 26, 21, 17, 11, 19, 23, 18, 21, 18, 18, 27, 25, 25, 16, 18, 17, 17]

[Epoch 37/50]
P1 Score : 15, AI score : 33
Move History : [2, 8, 5, 6, 4, 7, 5, 11, 4, 10, 4, 11, 0, 6, 1, 10, 4, 11, 5, 7, 0, 10, 1, 6, 2, 6, 5, 7, 3, 6, 1, 11, 4, 6, 1, 9, 5, 11, 0, 8, 2, 6, 5, 11, 3, 10, 3, 11, 4, 7, 1, 6, 5, 8, 4, 7, 3, 10, 0, 8, 5, 7, 4, 11, 0, 6, 1, 7, 4, 8, 5, 7, 3, 10, 5, 11, 2, 6, 5, 9, 4, 10, 0, 7, 3, 6, 2, 7, 5, 8, 1, 6, 0, 7, 1, 11]
Score Track : [28, 37, 39, 47, 42, 40, 38, 34, 38, 20, 42, 42, 38, 41, 39, 39, 34, 36, 33, 24, 23, 19, 27, 26, 23, 8, 16, 22, 17, 22, 28, 26, 14, 16, 22, 12, 2, 14, 12, 13, 12, 13, 15, 15, 18, 15, 16, -11]

[Epoch 38/50]
P1 Score : 14, AI score : 34
Move History : [0, 6, 1, 7, 5, 10, 4, 11, 5, 6, 1, 10, 0, 9, 4, 11, 2, 10, 1, 7, 3, 9, 0, 8, 2, 10, 1, 6, 2, 8, 5, 8, 3, 6, 4, 10, 5, 6, 0, 11, 5, 10, 4, 8, 1, 8, 3, 10, 4, 9, 4, 6, 0, 7, 5, 8, 4, 6, 1, 8, 4, 7, 2, 6, 4, 9, 3, 6, 0, 11, 5, 6, 2, 10, 2, 6, 5, 7, 0, 11, 4, 6, 1, 6, 5, 10, 3, 9, 1, 6, 3, 11, 5, 6, 2, 10, 0, 11, 1, 7, 0, 11, 1, 10, 4, 8, 3, 6, 2, 8, 5, 9, 1, 11]
Score Track : [50, 49, 27, 35, 27, 36, 36, 27, 31, 27, 42, 38, 37, 38, 27, 29, 36, 41, 48, 49, 30, 32, 36, 35, 39, 36, 39, 48, 49, 43, 43, 35, 34, 37, 35, 22, 21, 15, 28, 34, 32, 24, 27, 27, 29, 31, 24, 26, 26, 26, 30, 20, 18, 21, 21, 15, 18]

[Epoch 39/50]
P1 Score :  0, AI score : 48
Move History : [0, 6, 2, 6, 5, 6, 3, 10, 4, 8, 4, 6, 3, 8, 2, 9, 3, 7, 3, 8, 2, 9, 3, 6, 1, 9, 4, 8, 3, 9, 1, 7, 4, 6, 2, 11, 2, 9, 0, 6, 1, 11, 3, 6, 2, 9, 5, 11, 1, 7, 4, 10]
Score Track : [50, 34, 33, 40, 42, 48, 48, 47, 40, 43, 43, 43, 41, 46, 45, 46, 46, 47, 23, 27, 21, 32, 24, 29, 27, 34]

[Epoch 40/50]
P1 Score : 26, AI score : 22
Move History : [4, 6, 0, 9, 5, 10, 4, 9, 2, 6, 3, 8, 0, 10, 4, 6, 2, 8, 5, 9, 4, 6, 0, 8, 3, 6, 5, 7, 3, 10, 1, 6, 2, 7, 3, 11, 4, 6, 0, 10, 3, 8, 5, 8, 2, 9, 2, 8, 5, 9, 3, 10, 0, 6, 5, 11, 4, 8, 2, 7, 1, 10, 4, 6, 2, 11, 4, 7, 5, 6, 3, 7, 4, 9, 0, 8, 0, 10, 4, 6, 3, 7, 1, 8, 3, 9, 2, 6, 4, 6, 5, 10, 3, 6, 4, 7, 0, 8, 5, 6, 1, 7, 3, 8, 4, 9, 2, 11, 5, 8, 2, 9, 0, 10, 3, 6, 4, 7, 0, 8, 1, 9, 5, 11, 2, 8, 3, 6, 4, 10, 5]
Score Track : [28, 23, 32, 23, 28, 41, 26, 37, 38, 42, 46, 45, 48, 46, 46, 39, 39, 11, 18, 17, 18, 22, 23, 22, 17, 22, 21, 24, 19, 18, -15, 20, 9, 5, 8, 15, 12, 10, 9, 14, 14, 15, 14, 14, 18, 25, 23, 23, 10, 23, 24, 11, 10, 10, -12, -8, -8, 6, 8, 10, -8, 4, 9, 6, 7]

[Epoch 41/50]
P1 Score : 43, AI score :  5
Move History : [4, 11, 5, 6, 1, 7, 0, 6, 3, 8, 5, 8, 3, 11, 1, 9, 2, 10, 0, 8, 1, 11, 0, 7, 2, 8, 3, 6, 1, 7, 3, 8, 5, 8, 0, 10, 2, 11, 0, 9, 5, 11, 1, 7, 5, 8, 3, 10, 4]
Score Track : [28, 41, 28, 39, 52, 48, 47, 29, 31, 20, 21, 24, 30, 22, 14, 18, 31, 46, 17, 5, 14, 0, 17, 16]

[Epoch 42/50]
P1 Score : 11, AI score : 37
Move History : [4, 7, 0, 8, 4, 11, 3, 9, 3, 6, 4, 7, 2, 8, 3, 11, 1, 10, 0, 6, 1, 8, 3, 7, 5, 10, 3, 7, 1, 6, 0, 9, 4, 11, 3, 8, 2, 6, 5, 9, 0, 10, 2, 6, 3, 7, 3, 6, 2, 9, 1, 6, 2, 8, 5, 11, 5, 7, 4, 6, 2, 8, 3, 8, 5, 6, 4, 9, 5, 7, 0, 11, 5, 8, 1, 7, 2, 11, 3, 9, 4, 10, 4, 6, 3, 7, 5, 6, 4, 11, 3, 8]
Score Track : [28, 50, 42, 30, 34, 35, 35, 33, 31, 16, 16, 22, 32, 30, 29, 37, 30, 15, 36, 24, 37, 32, 33, 32, 21, 31, 23, 34, 11, 29, 25, 31, 38, 41, 33, 32, 23, 25, 26, 26, 25, 12, 5, 17, 17, 1]

[Epoch 43/50]
P1 Score : 32, AI score : 16
Move History : [3, 6, 1, 7, 3, 8, 2, 6, 3, 7, 4, 11, 5, 7, 0, 7, 5, 6, 3, 7, 1, 10, 1, 11, 3, 6, 4, 7, 2, 8, 1, 10, 0, 7, 2, 6, 5, 7, 0, 9, 1, 6, 0, 7, 4, 6, 5, 8, 1, 6, 0, 11, 4, 7, 3, 11, 1, 6, 3, 7, 5, 9, 4, 6, 0, 7, 1, 8, 5, 10, 4, 11, 3, 9, 0, 7, 5, 11, 1, 8, 4, 9, 2, 10, 4, 11, 5, 6, 3, 6, 5, 6, 4, 9, 0, 7, 2, 8, 5, 6, 4, 10, 3, 7, 1, 11, 0, 8, 1, 9, 3, 10, 0, 11]
Score Track : [26, 21, 41, 39, 38, 37, 46, 38, 42, 51, 48, 33, 27, 34, 36, 44, 46, 30, 35, 34, 28, 23, 49, 54, 52, 51, 38, 24, 20, 20, 25, 23, 19, 14, 35, 25, 17, 19, 27, 10, 21, -18, 19, 8, 7, 8, 5, -4, -8, 0, 5, 7, -8, -12, -12, -6, -6]

[Epoch 44/50]
P1 Score :  4, AI score : 44
Move History : [1, 7, 3, 7, 0, 8, 0, 11, 2, 7, 1, 8, 5, 6, 2, 7, 4, 11, 3, 6, 4, 10, 4, 11, 3, 9, 4, 7, 5, 10]
Score Track : [24, 26, 50, 48, 40, 38, 47, 42, 36, 35, 35, 22, 22, 15, 25]

[Epoch 45/50]
P1 Score : 37, AI score : 11
Move History : [2, 6, 0, 9, 4, 9, 0, 7, 1, 6, 4, 7, 0, 8, 1, 11, 1, 9, 4, 7, 2, 6, 4, 8, 5, 10, 2, 6, 1, 7, 0, 8, 3, 9, 4, 8, 0, 7, 2, 6, 4, 7, 3, 11, 4, 7, 1, 9, 4, 10, 5, 8, 2, 11, 4, 9, 3, 6, 4, 10, 5]
Score Track : [28, 23, 30, 33, 33, 33, 42, 43, 32, 31, 30, 19, 27, 19, 17, 4, 13, 23, 41, 34, 40, 34, 7, 13, 33, 13, 15, 21, 19, 20]

[Epoch 46/50]
P1 Score : 38, AI score : 10
Move History : [2, 9, 0, 10, 0, 8, 0, 9, 3, 6, 1, 11, 3, 6, 1, 7, 0, 8, 1, 11, 4, 9, 3, 8, 1, 9, 5, 11, 0, 9, 1, 7, 2, 11, 3, 8, 1, 11, 5, 10, 1, 11, 5, 7, 3, 8, 2, 10, 3, 9, 0, 10, 1, 11]
Score Track : [28, 35, 24, 16, 39, 30, 17, 13, 17, 16, 23, 20, 19, 28, 20, 19, 18, 12, 12, 15, 16, 5, -16, -16, -12, -12, -12]

[Epoch 47/50]
P1 Score : 25, AI score : 23
Move History : [4, 10, 3, 11, 3, 7, 2, 9, 1, 6, 4, 7, 0, 8, 0, 7, 4, 11, 1, 10, 2, 11, 3, 8, 1, 9, 4, 9, 1, 6, 3, 8, 2, 11, 4, 7, 1, 10, 1, 9, 4, 10, 2, 6, 5, 6, 0, 10, 0, 6, 2, 7, 5, 8, 3, 6, 1, 7, 2, 6, 4, 10, 0, 8, 2, 10, 0, 7, 1, 8, 3, 11, 4, 9, 3, 7, 5, 7, 4, 8, 1, 9, 2, 10, 3, 11]
Score Track : [28, 45, 33, 27, 24, 24, 29, 39, 32, 32, 32, 21, 20, 46, 30, 17, 20, 9, 11, -34, -38, 20, 30, 30, 30, 23, 42, 40, 34, 34, 40, 37, 39, 43, 29, 40, 12, 10, 8, -4, -7, -7, -7]

[Epoch 48/50]
P1 Score : 14, AI score : 34
Move History : [5, 11, 4, 7, 1, 7, 5, 6, 0, 8, 0, 6, 3, 10, 0, 8, 3, 11, 3, 7, 0, 6, 2, 6, 4, 10, 5, 7, 1, 6, 3, 8, 4, 6, 1, 10, 2, 11, 3, 7, 4, 10, 0, 6, 2, 8, 5, 7, 4, 10, 3, 6, 4, 9, 2, 7, 4, 10, 3, 6, 4, 9, 5, 7, 0, 11, 5, 8, 4, 11, 1, 8, 2, 10]
Score Track : [26, 40, 41, 35, 37, 33, 40, 35, 35, 30, 29, 20, 19, 34, 33, 21, 27, 27, 29, 14, 19, 28, 19, 34, 33, 23, 22, 27, 29, 22, 24, 35, 28, -6, 22, 17, 17]

[Epoch 49/50]
P1 Score : 29, AI score : 19
Move History : [1, 6, 5, 8, 1, 7, 1, 8, 4, 7, 0, 10, 5, 6, 4, 6, 0, 11, 4, 9, 4, 6, 3, 7, 2, 6, 1, 6, 4, 8, 2, 11, 5, 9, 3, 6, 5, 6, 1, 9, 5, 10, 0, 8, 2, 10, 4, 6, 0, 9, 3, 10, 4, 8, 5, 8, 1, 6, 4, 8, 2, 11, 4, 7, 0, 6, 5, 9, 1, 10, 5, 11, 4, 6, 3, 6, 1, 9, 3, 8, 0, 9, 2, 8, 3, 10, 5, 6, 0, 7, 4, 11, 2, 10, 5]
Score Track : [24, 25, 27, 43, 47, 40, 39, 40, 39, 29, 27, 11, 30, 17, 21, 24, 16, 16, 17, 31, 25, 26, 21, 28, 27, 31, 27, 29, 29, 28, 35, 24, 27, 27, 20, -14, 17, 9, 7, 7, 15, 14, 13, 17, 15, 15, 9]

[Epoch 50/50]
P1 Score : 25, AI score : 23
Move History : [1, 6, 2, 6, 4, 6, 0, 9, 3, 9, 4, 7, 1, 8, 2, 6, 5, 6, 3, 11, 5, 6, 0, 8, 3, 10, 4, 10, 1, 7, 5, 6, 1, 7, 0, 11, 3, 9, 1, 6, 2, 6, 4, 6, 5, 6, 0, 7, 0, 8, 0, 11, 3, 6, 5, 6, 1, 10, 4, 6, 2, 8, 5, 6, 4, 7, 5, 9, 3, 8, 5, 9, 4, 10, 1, 11]
Score Track : [24, 28, 27, 23, 42, 44, 36, 32, 39, 35, 23, 19, 26, 40, 27, 24, 25, 35, 18, 9, 9, 11, 15, 13, -18, -18, 12, 11, 5, 11, 11, 5, 7, 9, 9, -7, 1, -1]

P1 wins: 18, Tie :  1, Agent wins : 31