[Epoch  1 /10]
P1 Score : 18, AI score : 30
Move History : [5, 7, 0, 8, 3, 7, 1, 9, 1, 7, 5, 6, 1, 9, 3, 7, 0, 8, 0, 10, 3, 6, 1, 7, 2, 9, 3, 6, 4, 7, 5, 9, 3, 6, 2, 7, 4, 10, 3, 6, 4, 8, 5, 10, 3, 8, 1, 6, 0, 8, 2, 9, 2, 7, 4, 6, 1, 8, 3, 10, 4, 11, 4, 9, 5, 6, 0, 8, 1, 7, 0, 11, 1, 10, 3, 8, 2, 6, 3, 7, 5, 11, 1, 8, 2, 11, 4, 7, 3, 6, 4, 7, 5, 6, 0, 8, 1, 7, 2, 10, 0, 8, 1, 9, 3, 10, 4, 6, 2, 11]
Score Track : [1.4000000000000001, 18.9, 14.450000000000003, 4.75, 5.3, 5.3, 2.65, 3.3500000000000005, 3.2500000000000004, 1.6000000000000005, 4.45, 1.9000000000000008, 7.8, 18.25, 18.299999999999997, 15.049999999999999, 28.3, 15.049999999999999, 18.549999999999997, 16.3, 16.9, 21.3, 21.35, 21.25, 23.85, 24.6, 21.900000000000002, 21.05, 26.400000000000002, 23.8, 21.85, -2.9, 8.600000000000001, 5.5, 1.6, -33.0, -23.0, -1.0499999999999998, 4.7, 2.8000000000000003, 1.5000000000000002, 1.8, 19.0, 5.2, 3.85, 3.75, 4.55, 4.45, 5.800000000000001, 5.800000000000001, 3.15, -6.050000000000001, 3.5999999999999996, 4.9, 4.95]

[Epoch  2 /10]
P1 Score : 29, AI score : 19
Move History : [2, 6, 0, 9, 4, 6, 1, 7, 4, 11, 1, 6, 5, 6, 1, 9, 3, 10, 0, 6, 3, 11, 4, 6, 2, 8, 3, 10, 2, 9, 3, 10, 2, 11, 5, 11, 0, 7, 4, 6, 3, 7, 4, 10, 5, 6, 1, 6, 5, 7, 4, 8, 1, 11, 2, 10, 2, 11, 5, 9, 4, 10, 0, 6, 0, 7, 2, 11, 3, 6, 2, 7, 0, 8, 4, 9, 5, 6, 1, 7, 5, 10, 0, 9, 1, 10, 4, 11, 2, 8, 3, 9, 0, 6, 1, 10, 5, 11, 2, 6, 3, 7, 5, 8, 4, 8, 0, 6, 1, 7, 2, 8, 3, 9, 1, 11, 5, 6, 4, 10, 2, 7, 0, 11, 0, 8, 1, 9, 3, 10, 4, 11]
Score Track : [4.0, 1.1500000000000001, 5.3, 7.9, 5.3, 1.1000000000000003, 6.25, 5.300000000000001, 10.25, 1.3000000000000003, 7.65, 4.800000000000001, 16.1, -4.699999999999999, 9.0, -18.4, -13.95, 4.0, 18.3, 6.4, 8.950000000000001, 9.700000000000001, 9.5, 9.4, 9.4, 10.75, 16.650000000000002, 9.25, 3.7, 1.4, 0.1499999999999999, 5.25, 7.799999999999999, -4.1, -0.9000000000000004, -2.7499999999999996, -34.5, 1.0, -2.25, 5.9, 6.5, -1.0, -6.0, -13.5, -13.5, -0.55, 2.2, 9.0, -0.5, 0.0500000000000001, -0.65, 0.7000000000000001, 2.0, 1.4, 0.7000000000000001, -10.5, -10.5, -5.5, 5.0, -0.049999999999999906, 1.3, -7.5, 0.65, 0.0, -7.5, -7.5]

[Epoch  3 /10]
P1 Score : 26, AI score : 22
Move History : [2, 8, 5, 8, 3, 10, 5, 8, 4, 8, 1, 9, 2, 7, 5, 6, 0, 7, 5, 10, 0, 6, 1, 8, 4, 7, 2, 11, 3, 6, 1, 11, 1, 9, 3, 11, 0, 7, 5, 10, 0, 9, 3, 6, 2, 11, 5, 8, 1, 11, 3, 10, 4, 6, 0, 11, 5, 6, 0, 9, 2, 7, 3, 10, 4, 11, 5]
Score Track : [4.0, 7.6000000000000005, 8.950000000000001, 4.449999999999999, 11.55, 21.65, 2.0, 1.3499999999999996, 9.4, 14.3, 5.449999999999999, 9.85, 9.55, 15.15, 2.3000000000000003, -0.7999999999999995, -3.4999999999999996, 14.85, -2.6, 14.999999999999998, 13.799999999999999, 13.95, 0.2, 4.8500000000000005, 0.0500000000000001, 4.25, 2.9000000000000004, 6.25, 2.75, 4.05, 1.4500000000000002, -1.0, 2.75]

[Epoch  4 /10]
P1 Score : 27, AI score : 21
Move History : [4, 7, 0, 9, 3, 7, 5, 6, 4, 11, 2, 7, 5, 9, 0, 6, 2, 10, 5, 9, 4, 7, 0, 6, 5, 9, 3, 6, 2, 11, 2, 10, 3, 7, 5, 7, 0, 6, 2, 9, 3, 11, 1, 7, 0, 9, 3, 6, 4, 9, 5, 10, 4, 6, 0, 7, 2, 10, 1, 6, 5, 8, 5, 6, 2, 7, 4, 11, 3, 7, 0, 10, 2, 8, 3, 11, 1, 6, 3, 9, 3, 11, 2, 10, 3, 6, 0, 6, 1, 7, 0, 8, 1, 9, 2, 11, 0, 10, 2, 11]
Score Track : [4.0, 16.5, 5.35, 19.950000000000003, 20.55, 11.7, 21.450000000000003, 24.450000000000003, 25.200000000000003, 7.3500000000000005, 19.0, 4.1, 5.45, 5.45, 6.05, 6.4, 3.35, 22.599999999999998, 6.65, 3.5, 2.75, 6.8, 24.799999999999997, 28.65, 28.549999999999997, 31.85, 11.85, 14.249999999999998, 15.75, 28.5, 26.5, 14.7, 3.7, 11.299999999999999, 9.100000000000001, 8.5, 12.5, 5.950000000000001, 2.15, 2.05, 3.35, 3.4, -0.7499999999999998, -0.09999999999999981, -0.65, -37.5, -37.5, -37.5, -25.5, -23.5]

[Epoch  5 /10]
P1 Score : 24, AI score : 14
Move History : [2, 6, 3, 10, 4, 9, 0, 10, 5, 9, 0, 10, 1, 6, 4, 11, 3, 9, 0, 8, 3, 6, 4, 7, 0, 9, 1, 11, 4, 8, 5, 8, 2, 8, 3, 11, 5, 6, 2, 10, 3, 6, 4, 6, 5, 6, 2, 7, 4, 8, 5, 6, 0, 6, 3, 11, 4, 10, 1, 7, 4, 9, 0, 10, 5, 6, 2, 9, 1, 11, 1, 7, 0, 6, 1, 7, 3, 9, 2, 8, 4, 10, 2, 7, 4, 8, 3, 6, 0, 9, 5, 6, 1, 8, 4, 9, 2, 7, 5, 10, 1, 8, 0, 9, 1, 10, 4, 11, 5]
Score Track : [4.0, 6.6000000000000005, 8.15, 16.85, 15.6, 6.5, 20.2, 14.7, 9.2, 10.4, 1.3499999999999996, 3.9000000000000004, 9.9, -1.5999999999999999, 1.9999999999999998, 11.6, 9.799999999999999, 13.1, 12.25, 13.7, 3.85, 3.55, 5.45, -5.35, 5.15, 2.1500000000000004, 7.049999999999999, 13.35, 5.149999999999999, 15.9, 15.299999999999999, -4.0, 0.34999999999999964, 9.05, 15.5, 2.75, 5.65, 15.0, 12.5, -2.6, 4.7, 0.0500000000000001, 2.05, 0.0500000000000001, 0.7000000000000001, 5.15, 3.4, 16.0, 6.0, 9.0, -2.05, -1.4, -2.05, -16.0]

[Epoch  6 /10]
P1 Score : 17, AI score : 31
Move History : [2, 8, 0, 10, 0, 9, 0, 11, 2, 7, 0, 6, 0, 7, 1, 6, 2, 11, 4, 6, 0, 10, 3, 6, 1, 8, 3, 6, 5, 7, 2, 7, 4, 11, 3, 6, 5, 7, 2, 8, 0, 9, 3, 6, 1, 6, 2, 9, 3, 6, 5, 6, 4, 8, 0, 9, 5, 10, 2, 7, 0, 6, 2, 10, 1, 7, 2, 8, 3, 6, 4, 11, 1, 6, 3, 10, 0, 11, 2, 7, 1, 9, 4, 6, 3, 11]
Score Track : [4.0, 5.7, 0.2999999999999998, -7.65, -17.5, 0.2500000000000001, -1.0499999999999996, -2.1999999999999993, -2.6999999999999993, -0.09999999999999981, -5.95, 3.7, -0.1999999999999993, -2.8, 3.6500000000000004, 5.0, 6.95, 13.55, 12.85, 15.5, 12.75, 4.9, 7.55, 10.15, 11.5, 11.299999999999999, 16.45, 15.85, 17.2, 4.15, 7.25, 4.0, 14.0, 14.0, 14.0, 14.0, -0.7, -1.4, -0.049999999999999906, -11.0, -6.0, 1.95, -0.049999999999999906]

[Epoch  7 /10]
P1 Score : 21, AI score : 27
Move History : [0, 6, 5, 6, 2, 11, 3, 6, 4, 7, 4, 6, 2, 9, 0, 6, 1, 9, 5, 6, 2, 10, 1, 11, 3, 11, 4, 11, 1, 9, 5, 10, 2, 6, 5, 6, 3, 11, 2, 7, 1, 8, 2, 7, 0, 6, 1, 7, 4, 6, 3, 11, 5, 8, 0, 9, 5, 10, 3, 8, 1, 7, 4, 10, 2, 11, 4, 7, 2, 9, 5, 9, 2, 6, 1, 9, 5, 8, 0, 8, 5, 9, 1, 11, 2, 7, 3, 8, 0, 6, 4, 6, 2, 10, 3, 7, 4, 9, 0, 8, 1, 11, 3, 9, 2, 6, 1, 10, 0, 7, 4, 11, 1, 7, 5, 8, 1, 10, 4, 6, 5, 9, 0, 8, 2, 7, 5, 9, 4, 11, 3, 6, 2, 7, 3, 8, 5, 7, 0, 9, 4, 8, 1, 10, 4, 11, 5, 7, 3, 9, 4, 6, 5]
Score Track : [17.85, 21.75, 8.399999999999999, 4.35, 16.7, 18.150000000000002, 13.7, 14.850000000000001, 19.200000000000003, 12.450000000000003, 40.5, -0.049999999999998934, 8.2, 16.7, 9.9, 18.65, 20.0, 20.6, 3.5, -4.6, 18.6, 9.0, 8.9, 9.55, 3.9000000000000004, 8.5, 15.35, 10.25, 14.549999999999999, -5.5, 3.95, 3.3500000000000005, 9.95, 4.55, 2.7, 12.6, 7.0, 13.499999999999998, 4.6499999999999995, 8.75, 2.0500000000000003, 2.75, 13.9, 11.149999999999999, 10.549999999999999, 13.85, 5.9, 7.55, 7.3500000000000005, 3.95, 8.4, 0.6000000000000003, 1.3500000000000003, -0.19999999999999973, -2.5, 0.5499999999999999, -3.55, 2.95, 1.5499999999999998, 16.0, 11.0, 0.4499999999999993, 2.65, 5.85, 5.9, 2.6, -0.7999999999999999, -5.5, 2.6, 3.95, 0.0, 0.0, -7.0, 4.0, 4.0, 4.0]

[Epoch  8 /10]
P1 Score : 18, AI score : 30
Move History : [5, 7, 3, 6, 1, 8, 4, 8, 2, 9, 3, 8, 2, 6, 4, 8, 0, 9, 3, 10, 1, 7, 5, 6, 3, 6, 1, 7, 2, 8, 5, 10, 4, 10, 0, 11, 5]
Score Track : [1.4000000000000001, 12.6, 14.1, 12.15, 18.0, 7.5, 5.4, 5.4, 13.1, 15.700000000000001, 5.75, 8.299999999999999, 13.1, 11.35, 9.2, 14.600000000000001, 12.150000000000002, 3.7]

[Epoch  9 /10]
P1 Score : 41, AI score :  7
Move History : [0, 6, 2, 9, 1, 7, 4, 6, 0, 9, 1, 7, 5, 7, 2, 11, 5, 7, 2, 8, 5, 7, 0, 8, 4, 6, 1, 7, 4, 10, 3, 10, 0, 11, 2, 8, 1, 9, 0, 7, 4, 7, 3]
Score Track : [17.85, 9.649999999999999, 3.45, 5.6000000000000005, 2.1999999999999997, 4.25, 11.35, 11.35, 8.9, 6.550000000000001, -1.0999999999999996, -8.5, 9.0, 6.15, -0.5, 7.800000000000001, -3.25, 9.1, -3.4999999999999996, 6.15, 2.15]

[Epoch 10 /10]
P1 Score : 48, AI score :  0
Move History : [1, 6, 0, 7, 4, 6, 1, 9, 0, 8, 2, 7, 0, 9, 4, 8, 0, 9, 2, 10, 2, 11, 1, 10, 2, 11]
Score Track : [0.8000000000000005, -2.8, 2.8499999999999996, 3.5500000000000003, 2.5500000000000003, 9.35, 14.45, 16.05, 15.95, -1.8000000000000007, -3.0999999999999996, -51.0, -51.0]

P1 wins:  6, Tie :  0, Agent wins :  4