[Epoch  1 /10]
P1 Score : 23, AI score : 25
Move History : [0, 7, 3, 10, 4, 9, 5, 7, 1, 7, 2, 6, 1, 8, 5, 11, 1, 8, 4, 10, 1, 11, 3, 7, 5, 10, 2, 10, 3, 9, 5, 7, 4, 10, 0, 6, 2, 7, 0, 10, 3, 7, 4, 7, 1, 8, 0, 7, 5, 11, 4, 6, 0, 9, 4, 10, 4, 7, 5, 6, 2, 8, 1, 6, 3, 6, 2, 8, 4, 11, 1, 9, 4, 10, 5, 6, 0, 9, 3, 10, 0, 7, 3, 8, 0, 9, 2, 11, 1, 10, 2, 6, 5, 6, 1, 11, 2, 7, 4, 7, 5, 8, 3, 6, 4, 7, 5]
Score Track : [17.85, 10.75, 17.15, 19.8, 8.5, 15.55, 13.95, 11.45, 7.950000000000001, 8.75, 10.35, 1.0999999999999996, 19.3, 13.05, 16.950000000000003, -2.8499999999999996, 17.9, 15.299999999999999, 8.15, 12.0, 15.3, 19.35, 15.45, 1.75, 13.15, 7.65, 8.85, 7.5, 1.5, -0.6500000000000004, 5.1, 4.05, 5.3, 8.05, 5.3, 2.6000000000000005, 4.65, 5.4, 3.5000000000000004, 4.35, 3.75, 1.0999999999999996, -3.25, -11.5, 2.0, 0.7000000000000001, 0.2500000000000001, 0.2, 8.0, 1.0, 4.0, 4.0, 4.0]

[Epoch  2 /10]
P1 Score : 29, AI score : 19
Move History : [1, 6, 2, 11, 2, 10, 2, 6, 5, 10, 1, 11, 0, 7, 0, 6, 4, 6, 1, 9, 1, 7, 2, 8, 2, 7, 3, 6, 0, 8, 5, 6, 1, 9, 1, 11, 5, 7, 3, 11, 5, 10, 5, 9, 2, 7, 4, 9, 0, 7, 5, 9, 4, 6, 3, 6, 5, 6, 2, 7, 4, 8, 2, 6, 4, 11, 5, 6, 4, 7, 0, 10, 5, 9, 4, 11, 1, 8, 5, 9, 2, 7, 0, 8, 2, 6, 4, 9, 3, 6, 1, 11, 4, 7, 1, 9, 2, 8, 3, 9, 5, 9, 4, 6, 5, 8, 0, 7, 1, 8, 2, 6, 3, 11, 0, 9, 4, 11, 5, 7, 1, 10, 3, 7, 1, 6, 5, 8, 2, 6, 3, 11, 1, 7, 4, 6, 5]
Score Track : [0.8000000000000005, 6.0, 4.9, -1.6499999999999992, 2.9000000000000004, 2.9000000000000004, -5.1499999999999995, -3.049999999999999, 4.9, 3.2, 3.6, 0.8500000000000002, 2.9000000000000004, 12.049999999999999, 6.5, 13.0, 32.0, 22.0, 15.0, 13.049999999999999, 13.2, -4.550000000000001, 2.220446049250313e-16, -2.4, 3.95, 5.2, 5.95, 7.300000000000001, 7.9, 9.8, 6.9, 5.6, 7.4, 7.699999999999999, 13.85, 9.549999999999999, -40.5, -6.15, -0.7, -34.5, 7.199999999999999, 7.1, 6.35, 6.949999999999999, 9.049999999999999, 4.05, -0.1499999999999997, -0.24999999999999972, 0.44999999999999996, 0.44999999999999996, 12.5, 13.85, 15.2, 13.85, 19.0, 19.0, 19.0, 1.25, 13.25, 3.7, 3.6, 2.3000000000000003, 2.3000000000000003, 2.9000000000000004, 2.9000000000000004, 2.95, -1.0999999999999996, 3.5999999999999996]

[Epoch  3 /10]
P1 Score : 11, AI score : 37
Move History : [2, 7, 3, 6, 4, 9, 5, 11, 1, 8, 2, 6, 0, 6, 1, 11, 4, 8, 5, 11, 1, 10, 1, 6, 4, 7, 0, 6, 1, 7, 4, 11, 0, 10, 5, 6, 2, 11, 4, 8, 4, 10, 5, 7, 2, 6, 1, 11, 4, 7, 0, 10, 1, 8, 2, 9, 2, 6, 3, 8, 1, 10, 2, 6, 1, 11, 4, 7, 2, 11, 4, 6, 5, 10, 3, 11, 0, 8]
Score Track : [4.0, 10.25, 14.0, 13.450000000000001, 7.7, 10.350000000000001, 8.6, -1.1499999999999995, 12.35, 14.9, 14.200000000000001, 18.55, 15.299999999999999, 15.2, 15.85, 3.0, -4.5, 14.899999999999999, 7.550000000000001, 8.25, 4.35, 3.5, 7.9, 5.550000000000001, -5.6, -5.6, 2.8500000000000014, 12.6, 7.05, 6.5, 7.8500000000000005, 8.75, 12.75, -1.8999999999999997, -1.3, -1.8999999999999997, 7.2, 9.55, 1.4000000000000001]

[Epoch  4 /10]
P1 Score : 25, AI score : 23
Move History : [5, 11, 1, 10, 1, 8, 3, 6, 0, 9, 5, 9, 0, 8, 1, 9, 3, 7, 2, 7, 5, 9, 1, 7, 0, 8, 4, 11, 4, 7, 2, 8, 4, 6, 0, 10, 0, 6, 3, 10, 4, 11, 0, 7, 1, 9, 3, 7, 5, 10, 4, 6, 2, 8, 2, 6, 0, 9, 3, 11, 1, 7, 4, 11, 2, 8, 3, 9, 5, 11, 0, 10, 1, 8, 4, 9, 2, 7, 4, 8, 5, 11, 3, 10, 4, 9, 5]
Score Track : [1.4000000000000001, 2.7, 0.9000000000000006, 2.6000000000000005, -2.15, 5.550000000000001, 5.699999999999999, 4.1, 5.9, 5.15, 9.05, 7.1000000000000005, 6.5, 17.400000000000002, 8.299999999999999, 15.35, 8.899999999999999, -2.3499999999999996, 3.9000000000000004, 2.0999999999999996, 8.1, 4.949999999999999, 11.1, -5.0, -29.0, 15.5, 15.5, 6.95, 10.3, 7.75, -0.34999999999999976, 3.6500000000000004, 3.0, -6.5, 11.0, 8.35, 2.15, 1.4500000000000002, 1.4500000000000002, -3.5, 1.4, 7.0, -0.5]

[Epoch  5 /10]
P1 Score : 34, AI score : 14
Move History : [3, 10, 5, 6, 1, 6, 3, 11, 3, 9, 3, 8, 1, 10, 2, 6, 0, 11, 4, 11, 3, 6, 5, 7, 1, 8, 0, 7, 1, 6, 4, 9, 1, 6, 3, 10, 3, 11, 0, 6, 3, 7, 1, 8, 5, 10, 3, 6, 2, 11, 5, 8, 1, 10, 2, 9, 3, 7, 5, 9, 2, 8, 0, 9, 1, 11, 0, 10, 0, 11]
Score Track : [1.4000000000000001, 16.2, 3.9000000000000004, 7.85, 10.4, 5.0, 7.75, 2.0, 2.6, 9.6, 11.85, 22.85, 33.5, 19.65, 41.0, 31.0, 11.15, 10.7, 4.1, -0.4999999999999999, -0.4999999999999999, 0.15000000000000013, 4.7, 4.5, 2.0000000000000004, -3.9499999999999997, -5.3, 9.4, 0.2, -33.0, -20.5, -20.5, -20.5, -30.0, -30.0]

[Epoch  6 /10]
P1 Score : 24, AI score : 24
Move History : [0, 9, 3, 6, 2, 6, 5, 7, 1, 6, 3, 10, 3, 7, 2, 9, 5, 10, 3, 11, 5, 10, 2, 7, 4, 10, 5, 8, 4, 10, 3, 9, 2, 10, 0, 10, 3, 8, 5, 6, 2, 9, 1, 6, 3, 8, 5, 10, 1, 6, 2, 7, 1, 8, 4, 6, 0, 7, 3, 8, 2, 9, 2, 11, 3, 6, 1, 9, 0, 7, 3, 10, 0, 8, 5, 8, 3, 6, 2, 7, 1, 8, 4, 9, 2, 6, 3, 10, 0, 11, 1, 8, 5, 8, 3, 6, 0, 8, 2, 9, 3, 10, 1, 11, 2, 7, 3, 8, 0, 10, 2, 9, 4, 6, 1, 7, 3, 8, 5, 6, 2, 9, 4, 10, 5, 6, 3, 7, 4, 10, 5]
Score Track : [17.85, 3.3500000000000005, 5.95, 5.3, 7.75, 9.1, 6.4, 6.4, 8.25, 8.3, -1.8999999999999995, -2.6, 14.1, 8.7, 8.7, 3.3499999999999996, 7.800000000000001, -19.5, 11.7, 16.2, 8.45, 13.05, 13.2, 13.6, 13.149999999999999, 10.6, -4.1499999999999995, 13.1, 18.45, -0.25, -4.25, -4.3, 3.55, -4.4, 6.050000000000001, -3.6999999999999993, 2.85, 4.35, 3.75, -2.3, -25.5, 0.3499999999999999, 13.0, 13.0, 4.9, 0.95, 2.15, 1.55, 4.15, 0.24999999999999992, 1.6, 2.95, 0.24999999999999992, -7.0, -7.0, -19.5, 4.15, 6.0, -6.5, 11.0, 11.0, 4.8999999999999995, 9.0, 9.0, 9.0]

[Epoch  7 /10]
P1 Score : 26, AI score : 22
Move History : [4, 11, 2, 6, 4, 10, 0, 11, 4, 6, 5, 10, 3, 6, 5, 6, 2, 7, 5, 6, 1, 6, 2, 7, 4, 11, 3, 8, 4, 9, 3, 8, 2, 9, 0, 11, 4, 10, 0, 7, 4, 10, 5, 6, 2, 8, 4, 11, 4, 7, 1, 8, 4, 6, 3, 6, 5, 7, 4, 10, 5, 9, 4, 8, 5, 10, 1, 6, 3, 11, 3, 7, 0, 9, 1, 6, 2, 8, 4, 10, 0, 7, 5, 6, 1, 8, 3, 7, 2, 8, 4, 9, 5, 6, 2, 7, 1, 8, 3, 9, 2, 11, 2, 10, 1, 11]
Score Track : [4.0, 3.85, 12.9, 3.5, -5.749999999999999, 8.45, 13.4, 14.0, 14.65, 17.349999999999998, 10.75, 11.5, 22.6, 3.45, 15.35, 0.0, 4.35, 11.549999999999999, 6.7, -1.3499999999999999, -4.75, 8.85, 4.050000000000001, 5.6, 9.95, 10.049999999999999, 10.7, 9.25, 9.3, 7.6000000000000005, 4.35, -17.5, 1.8499999999999996, -5.5, 7.05, 4.3, -14.5, 13.0, 13.0, 4.75, 2.2, 6.25, 11.0, 2.2, -1.5, 1.0, 4.1, 4.1499999999999995, -13.5, -8.5, -1.0, -3.0, -6.0]

[Epoch  8 /10]
P1 Score : 38, AI score : 10
Move History : [2, 11, 2, 10, 4, 11, 0, 8, 2, 6, 3, 6, 0, 9, 4, 6, 1, 7, 4, 11, 5, 11, 1, 9, 2, 7, 0, 10, 4]
Score Track : [4.0, 1.6000000000000003, 4.0, -2.499999999999999, 9.4, 8.15, 8.8, -1.15, 1.0500000000000003, -48.0, 3.1999999999999993, 6.35, -4.5, 0.35000000000000037]

[Epoch  9 /10]
P1 Score : 30, AI score : 18
Move History : [1, 8, 5, 6, 2, 11, 1, 8, 0, 10, 4, 7, 1, 10, 2, 6, 4, 7, 3, 9, 1, 11, 2, 6, 3, 7, 1, 10, 5, 6, 2, 9, 1, 8, 0, 10, 1, 6, 4, 6, 2, 11, 4, 10, 2, 7, 3, 6, 5, 11, 0, 6, 4, 10, 0, 7, 2, 8, 5, 11, 2, 7, 3, 10, 0, 8, 1, 8, 3, 7, 2, 8, 0, 6, 5, 10, 4, 8, 1, 6, 5, 9, 3, 10, 1, 8, 4, 11, 2, 9, 3, 7, 5, 8, 4]
Score Track : [0.8000000000000005, 8.0, 5.3999999999999995, 5.25, 3.0, 10.2, -3.0999999999999996, -2.2, -1.5999999999999996, 1.1, 1.0999999999999996, 6.2, 3.5999999999999996, 1.2000000000000002, 12.75, 3.0500000000000003, -7.45, 13.65, 9.45, 9.65, 4.7, -1.8499999999999996, -4.4, 5.4, 10.35, 16.4, 16.55, 16.55, -39.0, 14.549999999999999, 10.75, 11.950000000000001, 10.05, 4.1, 6.1, 5.35, 7.35, 7.2, 4.7, 7.25, 7.85, 19.0, 8.45, 8.7, 0.6000000000000001, -1.9999999999999996, 4.7]

[Epoch 10 /10]
P1 Score : 31, AI score : 17
Move History : [4, 8, 2, 11, 1, 6, 4, 8, 0, 7, 0, 10, 2, 8, 3, 6, 5, 7, 1, 9, 2, 8, 0, 7, 4, 6, 5, 10, 5, 7, 2, 9, 4, 6, 2, 7, 5, 8, 3, 11, 0, 7, 2, 6, 4, 9, 3, 8, 4, 9, 1, 10, 1, 7, 4, 9, 2, 6, 5, 7, 1, 9, 4, 6, 2, 11, 5, 8, 3, 6, 5, 6, 4, 6, 2, 7, 3, 8, 5, 9, 0, 6, 4, 7, 1, 8, 5, 6, 2, 9, 3, 11, 1, 10, 1, 6, 2, 11, 4]
Score Track : [4.0, 5.050000000000001, 7.2, 11.600000000000001, 2.3, 9.65, 8.85, 10.75, 13.1, 4.85, 2.65, 2.65, 13.799999999999999, 17.55, 7.6, 18.95, 15.749999999999998, 12.05, 16.950000000000003, 17.6, 11.55, 14.549999999999999, 13.35, 12.350000000000001, 11.100000000000001, 11.149999999999999, 3.7, -4.05, 6.25, 6.8, 6.2, 6.8, 5.05, 7.5, 5.5, 13.0, 7.55, 4.2, 10.5, 7.55, 9.600000000000001, 2.3000000000000003, 2.3000000000000003, 13.0, 13.0, 13.0, -1.05, 1.6, 0.9000000000000001]

P1 wins:  7, Tie :  1, Agent wins :  2