[Epoch  1/10]
P1 Score : 27, AI score : 21
Move History : [2, 6, 1, 10, 1, 7, 0, 8, 1, 6, 5, 10, 0, 8, 2, 9, 5, 7, 2, 10, 4, 8, 0, 9, 5, 7, 0, 10, 3, 6, 5, 9, 2, 8, 3, 10, 1, 10, 3, 6, 5, 9, 4, 11, 3, 6, 4, 9, 1, 8, 1, 6, 4, 9, 2, 8, 5, 9, 1, 8, 0, 9, 4, 11, 2, 6, 1, 8, 4, 10, 4, 6, 1, 8, 2, 7, 1, 10, 3, 6, 4, 10, 1, 6, 0, 7, 2, 9, 0, 11, 0, 10, 3, 11, 2, 6, 0, 8, 5, 9, 0, 10, 2, 6, 1, 6, 5, 11, 3, 6, 2, 10, 4, 6, 1, 7, 2, 10, 0, 8, 2, 9, 3, 8, 5, 9, 0, 10, 0, 11]
Score Track : [-2, -7, 24, 23, 24, 40, 30, 34, 13, 8, 36, 37, 40, 40, 52, 53, 54, 52, 50, 48, 50, 51, 0, -6, -10, -7, 22, 2, 26, 27, 32, 36, 24, 38, 24, 10, 23, 21, -8, -3, -3, -2, -4, -2, 5, 12, -12, 4, 9, 19, 34, 10, 7, 15, -6, -10, 4, -3, -5, -19, -13, 9, -8, -8, -10]

[Epoch  2/10]
P1 Score : 19, AI score : 29
Move History : [1, 10, 2, 6, 1, 7, 5, 8, 2, 10, 3, 10, 4, 11, 1, 6, 3, 7, 0, 6, 1, 9, 1, 8, 3, 7, 4, 8, 0, 10, 3, 6, 4, 8, 2, 7, 1, 6, 3, 8, 5, 9, 2, 8, 4, 6, 1, 10, 0, 6, 4, 11, 0, 7, 4, 10, 1, 8, 2, 6, 5, 6, 4, 6, 2, 10, 3, 7, 5, 7, 4, 8, 5, 11, 3, 9, 0, 7, 1, 6, 5, 11, 0, 7, 2, 6, 5, 10, 0, 6, 1, 11, 4, 6, 2, 10, 4, 8, 1, 7, 2, 9, 5, 8, 3, 9, 5, 11, 2, 8, 4, 8, 5, 6, 3, 7, 4, 11, 5, 8, 1, 10, 2, 11, 1, 6, 2, 7, 3, 9, 1, 10, 2, 7, 4, 7, 3, 11, 4, 6, 1, 8, 0, 10, 1, 11, 2, 7, 4, 9, 0, 8, 5, 10, 1, 6, 2, 7, 0, 8, 1, 11, 1, 9, 1, 11]
Score Track : [-8, -5, -1, 16, 24, 17, 38, 16, 39, 52, 65, 39, 5, 16, 39, 24, 27, 26, 13, 12, 33, 39, 33, 26, 21, 21, 28, 26, 23, -9, 2, 8, 42, 12, 28, 28, 26, 25, 19, 13, 25, 25, 5, 8, -2, -2, -5, 25, 25, 25, 22, 22, 15, 6, -8, 11, 11, 0, -3, 14, 18, -6, -1, -1, -1, 2, 2, 5, 5, 0, -3, -3, 0, -3, -10, -10, 8, 5, 3, 0, 0, -10, 0]

[Epoch  3/10]
P1 Score : 33, AI score : 15
Move History : [1, 9, 1, 6, 2, 7, 1, 6, 5, 11, 5, 8, 3, 6, 4, 8, 1, 6, 2, 7, 3, 10, 5, 9, 0, 11, 3, 7, 2, 6, 0, 7, 3, 10, 3, 8, 0, 9, 3, 10, 5, 6, 4, 7, 2, 7, 3, 9, 5, 10, 4, 11, 2, 7, 0, 9, 1, 10, 2, 6, 4, 6, 5, 7, 3, 11, 0, 10, 0, 11, 1, 8, 3, 10, 1, 7, 5, 7, 4, 8, 2, 11, 0, 7, 2, 8, 4, 9, 3, 10, 5, 9, 2, 6, 3, 8, 0, 7, 1, 8, 2, 9, 4, 11, 1, 7, 3, 10, 5, 7, 4, 6, 0, 11, 3, 8, 0, 9, 1, 10, 5, 6, 2, 6, 3, 7, 0, 8, 5, 6, 4, 10, 5, 7, 1, 10, 2, 8, 3, 10, 4, 9, 1, 11, 5, 6, 4, 7, 5, 6, 0, 7, 2, 8, 5, 6, 4, 10, 0, 9, 5, 6, 3, 10, 1, 7, 4, 8, 5, 6, 2, 7, 3, 9, 4, 8, 5, 9, 0, 7, 1, 8, 2, 6, 3, 9, 4, 11, 5, 6, 2, 7, 1, 8, 3, 9, 0, 10, 1, 11]
Score Track : [-8, -3, 5, 1, 19, 32, 9, 29, 32, 26, 39, 24, 44, 9, 22, 36, -28, -32, -32, 11, 14, 17, 20, 20, 29, 28, -4, -14, -3, -2, 4, 19, 26, 18, 37, 14, -8, -7, 23, 28, 0, -5, -5, -2, -14, 3, 9, -1, 3, -4, -4, 14, 10, 8, 8, 8, 10, 2, 5, -3, 4, 4, -1, -11, 1, 9, 10, 1, -5, -5, -5, -5, 4, 4, 7, 9, -9, 11, 9, 9, 12, 1, 9, 9, 6, 4, -9, -9, 11, 13, 9, 9, 9, 9, 10, -2, 7, -9, -9, -9]

[Epoch  4/10]
P1 Score : 28, AI score : 20
Move History : [1, 6, 4, 7, 0, 10, 1, 8, 4, 6, 1, 7, 3, 6, 4, 10, 5, 7, 0, 6, 4, 10, 2, 8, 0, 6, 2, 11, 5, 8, 3, 10, 0, 8, 5, 7, 3, 6, 0, 7, 1, 6, 3, 7, 4, 6, 5, 7, 2, 8, 5, 10, 2, 9, 5, 8, 0, 10, 0, 9, 5, 6, 0, 7, 1, 11, 1, 8, 5, 9, 2, 6, 4, 7, 0, 6, 2, 7, 3, 10, 3, 7, 0, 8, 5, 8, 0, 10, 1, 7, 2, 9, 0, 8, 5, 10, 2, 6, 3, 7, 1, 11, 0, 9, 1, 8, 2, 9, 3, 6, 4, 6, 5]
Score Track : [-8, -8, 44, -12, 15, -13, 29, 2, 14, 39, 10, 30, 41, 48, -6, 49, 57, 61, 46, 42, 4, 7, 15, 20, 36, 30, 19, 27, 41, 20, 8, 22, 26, 13, -18, -5, 5, 7, -4, 16, 0, 12, 19, 26, 3, -10, -9, 20, 14, 21, 7, 14, -1, -1, -1, 2]

[Epoch  5/10]
P1 Score : 14, AI score : 34
Move History : [4, 11, 0, 6, 3, 6, 4, 9, 0, 8, 2, 8, 4, 9, 3, 6, 4, 10, 2, 6, 3, 8, 4, 6, 0, 11, 1, 6, 0, 7, 4, 10, 5, 7, 1, 6, 2, 9, 2, 7, 1, 10, 3, 6, 5, 9, 4, 8, 4, 11, 1, 8, 3, 10, 1, 9, 4, 10, 0, 11, 3, 7, 5, 6, 1, 11, 4, 6, 1, 7, 2, 10, 5, 8, 4, 9, 5, 6, 0, 11]
Score Track : [-2, 42, 21, 23, 45, 20, 20, 18, 20, 4, 3, 6, 5, 1, 8, -17, 5, 6, 20, 14, 14, 20, 22, 21, 26, 3, 6, -1, -1, -1, -6, 15, -3, 13, -13, 6, 2, 0, 12, 9]

[Epoch  6/10]
P1 Score : 25, AI score : 23
Move History : [0, 8, 0, 10, 5, 11, 1, 8, 0, 6, 1, 7, 0, 8, 4, 9, 5, 8, 4, 10, 0, 6, 4, 11, 5, 6, 3, 7, 2, 6, 5, 10, 1, 7, 4, 11, 1, 6, 4, 9, 3, 11, 0, 6, 4, 6, 5, 10, 2, 9, 3, 8, 5, 7, 5, 11, 1, 6, 0, 9, 0, 6, 3, 7, 2, 6, 3, 11, 4, 8, 3, 6, 4, 10, 1, 7, 3, 9, 5, 10, 4, 11, 4, 8, 2, 6, 5, 7, 4, 6, 5, 9, 0, 9, 5, 10, 0, 7, 2, 11, 5, 8, 4, 6, 3, 9, 1, 10, 4, 6, 5, 6, 2, 7, 3, 8, 4, 11, 0, 10, 5, 6, 2, 11, 3, 9, 0, 7, 4, 8, 1, 9, 3, 10, 5, 6, 0, 7, 1, 8, 2, 9, 3, 11, 4, 7, 5, 8, 2, 9, 1, 10, 1, 11]
Score Track : [47, 44, 31, 20, -16, -17, -5, 26, 1, 19, -2, -12, 1, 24, 35, -5, 7, 45, 38, 45, 1, 2, 8, 26, 34, 37, 22, 28, 22, 38, 35, 34, 0, -15, 15, 20, 8, -9, 8, 24, 14, 7, 8, 17, 14, 16, 7, -5, 21, 0, 25, -10, 13, -7, 10, 10, 10, -6, -6, -10, 0, 4, -1, 2, -8, -8, 0, 5, 14, 8, 8, 8, 5, -6, 0, -6, 0]

[Epoch  7/10]
P1 Score : 27, AI score : 21
Move History : [5, 11, 1, 6, 0, 11, 2, 8, 5, 9, 5, 7, 3, 9, 5, 8, 0, 10, 4, 8, 3, 6, 1, 8, 5, 8, 2, 8, 5, 6, 3, 11, 0, 6, 5, 10, 0, 7, 2, 6, 5, 6, 3, 6, 4, 8, 2, 7, 0, 8, 2, 9, 1, 6, 3, 6, 4, 10, 1, 6, 0, 9, 0, 10, 2, 6, 1, 7, 0, 9, 5, 9, 0, 7, 1, 11, 2, 10, 3, 8, 4, 10, 3, 6, 0, 7, 3, 11, 4, 9, 2, 6, 4, 6, 5, 6, 0, 7, 2, 10, 4, 8, 2, 9, 0, 10, 1, 6, 0, 8, 3, 7, 4, 6, 1, 10, 2, 7, 4, 9, 5, 6, 0, 7, 1, 10, 0, 11, 1, 10, 2, 11, 0, 9, 5, 6, 3, 6, 4, 8, 0, 6, 4, 7, 5, 11, 0, 6, 3, 7, 4, 8, 2, 9, 3, 10, 0, 11]
Score Track : [-6, -1, -8, -13, 16, 2, 28, 31, 26, 37, 37, 8, 14, 27, 30, 30, 13, 36, 26, 34, 37, 37, 12, 49, 63, 64, 13, 20, 17, 12, 8, 34, 6, 2, -28, 20, 55, 38, 14, 0, 17, -1, 1, -17, -9, -7, -4, 3, -8, -23, -23, -5, -5, 3, 1, 13, 17, 7, 12, -4, 30, 24, 3, 1, 23, 15, 1, 2, 5, 12, 3, -3, 5, 12, 17, 15, -14, -14, -14]

[Epoch  8/10]
P1 Score : 16, AI score : 23
Move History : [3, 6, 1, 7, 2, 10, 5, 10, 4, 6, 1, 7, 5, 8, 0, 10, 3, 7, 4, 9, 5, 11, 1, 7, 2, 8, 3, 7, 0, 6, 5, 9, 4, 7, 0, 6, 1, 9, 4, 10, 2, 6, 0, 7, 3, 8, 0, 10, 0, 11, 3, 7, 5, 6, 1, 10, 5, 11, 3, 9, 0, 10, 2, 8, 1, 11, 3, 9, 4, 8, 1, 10, 0, 6, 2, 11, 5, 8, 3, 6, 4, 6, 5, 9]
Score Track : [-6, -17, -6, 13, 25, 53, 55, 59, 24, 29, 42, -11, 10, 9, 8, 9, 21, 27, 25, 25, 13, 9, -13, 1, 14, -4, 12, -5, -14, -12, 18, -16, -16, -14, 7, 4, 10, -1, 4, 1, 5, 7]

[Epoch  9/10]
P1 Score : 27, AI score : 21
Move History : [1, 7, 3, 9, 2, 7, 3, 11, 4, 8, 2, 6, 5, 9, 3, 10, 1, 11, 4, 8, 2, 7, 0, 11, 0, 9, 3, 6, 5, 6, 0, 7, 4, 6, 1, 8, 2, 9, 2, 8, 1, 6, 2, 10, 1, 11, 0, 6, 3, 8, 2, 9, 5, 6, 3, 7, 1, 11, 4, 7, 5, 6, 0, 10, 3, 6, 0, 9, 5, 6, 2, 8, 4, 6, 1, 10, 4, 7, 1, 11, 1, 8, 3, 6, 0, 10, 5, 8, 2, 10, 5, 11, 4, 9, 5, 10, 1, 6, 2, 7, 4, 8, 5, 11, 1, 9, 2, 10, 3, 11]
Score Track : [-8, -6, 6, 6, 24, 12, 26, 25, 2, -8, 1, -7, 12, 18, 2, -11, 44, 26, 23, 29, 27, 20, 5, -16, -7, -7, 0, 4, -17, -3, -3, -10, 1, -3, 11, 17, 18, 15, 11, -10, -17, 4, 8, 25, -5, 0, -8, 5, 5, 5, -8, 8, 5, 8, -6]

[Epoch 10/10]
P1 Score : 21, AI score : 27
Move History : [5, 11, 1, 8, 1, 11, 4, 6, 2, 10, 5, 6, 2, 11, 0, 10, 2, 8, 2, 6, 3, 7, 0, 9, 5, 10, 1, 11, 0, 7, 4, 10, 1, 11, 0, 7, 5, 6, 1, 7, 4, 8, 4, 6, 0, 7, 5, 10, 2, 9, 3, 10, 0, 6, 2, 9, 1, 6, 2, 10, 4, 7, 1, 6, 3, 10, 0, 11, 0, 9, 3, 10, 5, 10, 2, 6, 1, 11, 1, 7, 0, 8, 4, 7, 5, 6, 0, 8, 1, 11, 2, 9, 5, 7, 1, 8, 2, 10, 2, 11]
Score Track : [-6, -1, 4, 7, 17, 18, 6, 21, 18, 16, 31, 50, 47, 8, -13, 3, -5, -3, -4, 12, 8, 9, 9, 13, -2, 26, 24, 28, 18, 10, 15, 11, 13, 31, 26, -11, 3, 6, 6, 5, 8, 20, 24, 21, 7, 4, -6, -16, -6, -16]

P1 wins:  6, Tie :  0, Agent wins :  4