[Epoch  1/10]
P1 Score : 15, AI score : 33
Move History : [3, 10, 4, 11, 0, 9, 2, 6, 2, 11, 0, 10, 5, 8, 4, 7, 4, 6, 0, 7, 5, 6, 1, 7, 2, 8, 1, 9, 1, 6, 3, 9, 4, 7, 0, 6, 1, 7, 5, 6, 3, 11, 3, 9, 5, 10, 5, 7, 3, 6, 1, 7, 2, 8, 2, 9, 0, 6, 5, 11, 1, 10, 1, 6, 4, 10, 0, 6, 2, 6, 3, 6, 0, 7, 1, 11, 0, 10, 5, 6, 3, 7, 2, 7, 4, 7, 5, 9, 1, 8, 1, 6, 4, 8, 0, 10, 1, 9, 3, 11, 4, 6, 0, 10, 5, 9, 0, 7, 3, 8, 2, 6, 4, 7, 3, 6, 1, 10, 0, 7, 2, 9, 5, 6, 4, 6, 5, 8, 0, 6, 3, 9, 4, 7, 5, 8, 2, 10, 1, 11, 5, 7, 3, 10, 2, 6, 0, 8, 1, 7, 5, 10, 2, 11, 3, 8, 5, 9, 2, 7, 0, 10, 1, 6, 3, 7, 4, 7, 0, 8, 2, 6, 4, 11, 5, 6, 2, 10]
Score Track : [-6, 38, -20, -21, -27, -33, -17, 7, 11, 5, 7, 5, -6, 31, 24, 26, 16, 33, 47, 31, 15, 18, 27, 4, 35, 17, 16, 9, 35, 13, 4, -3, -12, -11, 5, 12, 15, -22, -35, -15, -12, 6, 21, 27, 12, 15, 17, 28, 26, 7, 13, 12, -8, -3, 21, 22, 25, 21, 23, 12, 6, 13, 15, 17, 29, 13, 16, 29, 32, 19, -5, 8, -3, -5, 10, 10, 12, -5, -9, -1, 15, 14, 12, 7, 7, 7, 7, 5, 8]

[Epoch  2/10]
P1 Score : 18, AI score : 30
Move History : [2, 6, 5, 10, 2, 6, 0, 7, 5, 8, 0, 6, 2, 7, 3, 11, 4, 9, 1, 9, 3, 10, 4, 8, 3, 10, 0, 7, 4, 9, 0, 8, 2, 6, 1, 10, 0, 8, 5, 7, 1, 11, 4, 9, 3, 6, 5, 6, 4, 8, 1, 7, 4, 8, 5, 6, 0, 7, 1, 8, 3, 10, 5, 9, 4, 10, 1, 11, 2, 10, 1, 8, 5, 9, 2, 8, 0, 9, 3, 9, 5, 7, 2, 10, 3, 6, 0, 9, 4, 9, 1, 11, 3, 6, 4, 6, 1, 10, 5, 11, 2, 6, 3, 8, 4, 6, 5, 6, 0, 7, 4, 10, 1, 11]
Score Track : [-2, 1, -5, -9, 37, 24, 24, 32, 36, 6, 11, 2, 0, 29, 20, 23, 28, 15, 20, 20, 20, 29, 4, 13, -5, -5, -1, 32, 34, 17, 12, 22, 2, -4, -6, -5, -3, 2, 31, 8, 13, 10, 9, 11, 15, 17, 3, 5, 2, 13, 5, 5, 4, 4, 4, -5, -7]

[Epoch  3/10]
P1 Score :  9, AI score : 39
Move History : [3, 7, 1, 11, 5, 11, 1, 6, 0, 7, 5, 11, 0, 9, 5, 11, 3, 7, 2, 6, 1, 9, 3, 7, 5, 9, 4, 9, 0, 7, 3, 11, 0, 10, 4, 8, 3, 6, 5, 6, 4, 8, 5]
Score Track : [-6, 0, 32, 24, 39, 13, 9, -4, 27, 14, 14, 15, 23, 37, 40, 40, 35, 8, 29, 21, 21]

[Epoch  4/10]
P1 Score : 19, AI score : 29
Move History : [2, 8, 4, 10, 2, 7, 0, 6, 3, 9, 5, 8, 3, 7, 4, 9, 1, 9, 2, 10, 4, 7, 2, 9, 0, 8, 5, 11, 1, 6, 2, 8, 0, 6, 2, 11, 0, 7, 5, 11, 1, 8, 3, 7, 1, 9, 3, 6, 2, 11, 5, 6, 4, 8, 5, 7, 3, 10, 5, 8, 3, 9, 4, 10, 2, 6, 3, 7, 4, 9, 1, 11]
Score Track : [-2, 14, 6, 36, 34, 18, 35, 40, 51, 49, 40, 26, 26, 40, -9, 1, -3, -24, -27, 1, 25, 30, 15, 11, 14, 36, 27, 13, 15, -13, -13, 13, 14, 17, -4, -7]

[Epoch  5/10]
P1 Score : 19, AI score : 29
Move History : [1, 8, 5, 6, 0, 11, 1, 7, 2, 9, 0, 11, 1, 8, 3, 9, 0, 6, 2, 6, 1, 7, 5, 6, 2, 7, 4, 11, 5, 8, 4, 10, 0, 7, 5, 7, 2, 8, 5, 6, 3, 7, 5, 9, 3, 8, 5, 9, 4, 8, 0, 11, 4, 7, 3, 6, 4, 9, 1, 6, 5, 11, 2, 10]
Score Track : [-8, 9, 9, -5, 4, 2, -2, 24, 33, 32, 31, 43, 37, 10, 19, 23, 24, 29, -4, 30, 15, 14, 15, 16, 24, 30, 14, 16, 18, 13, 14, 14]

[Epoch  6/10]
P1 Score : 26, AI score : 22
Move History : [4, 6, 2, 10, 4, 7, 3, 8, 5, 10, 3, 11, 4, 7, 2, 8, 1, 7, 4, 6, 1, 11, 5, 8, 3, 10, 5, 9, 2, 10, 1, 7, 0, 6, 1, 9, 4, 6, 3, 7, 2, 8, 5, 8, 0, 10, 0, 9, 0, 6, 1, 10, 2, 7, 3, 9, 4, 11, 3, 6, 4, 9, 5, 10, 2, 11]
Score Track : [-2, 4, -3, 25, 41, 46, 22, 27, 21, 19, 31, 30, 46, 37, 5, 13, 27, 40, 45, 22, -2, 21, 40, 22, 29, 27, 16, 16, 16, 12, 9, -4, 0]

[Epoch  7/10]
P1 Score : 32, AI score : 16
Move History : [1, 10, 3, 7, 4, 6, 1, 11, 4, 10, 1, 6, 2, 9, 2, 7, 1, 9, 4, 10, 0, 11, 0, 7, 5, 9, 3, 9, 2, 10, 2, 6, 1, 7, 0, 8, 5, 11, 1, 9, 4, 8, 5, 7, 2, 7, 5, 8, 3, 6, 5, 9, 1, 7, 2, 6, 3, 8, 4, 6, 0, 10, 3, 6, 5]
Score Track : [-8, -1, 25, 36, -3, -3, 11, -5, -8, 15, -8, -9, 20, 16, 14, 10, 19, 32, -11, 25, 2, 12, 12, 16, 16, 16, 20, 19, 3, 19, 2, -1]

[Epoch  8/10]
P1 Score : 32, AI score : 16
Move History : [2, 6, 1, 9, 3, 8, 0, 7, 1, 8, 3, 10, 5, 6, 0, 8, 3, 6, 4, 10, 3, 7, 2, 8, 0, 10, 4, 7, 3, 8, 4, 9, 5, 10, 4, 11, 0, 9, 2, 8, 3, 6, 5, 10, 2, 8, 3, 6, 5, 6, 4, 9, 1, 10, 5, 8, 2, 9, 3, 11, 2, 9, 1, 7, 5, 6, 3, 7, 5, 8, 1, 9, 0, 8, 2, 11, 2, 7, 1, 8, 2, 6, 4, 6, 0, 7, 2, 8, 5, 7, 3, 8, 1, 10, 0, 6, 1, 7, 2, 8, 4, 10, 3, 11, 4, 9, 3, 11, 4, 8, 5, 8, 2, 9, 0, 7, 5, 11, 1, 7, 2, 9, 5, 6, 4]
Score Track : [-2, -7, 15, 13, -4, -4, 15, 19, 43, 42, 41, 38, 42, 39, 26, 34, 42, 41, 30, -10, 14, 4, 2, 15, 15, 21, 23, 26, 18, 21, 6, 7, 27, 9, 20, 16, 14, 33, 6, 9, 6, 17, 0, -1, 37, 32, 21, 32, 19, 19, 25, 6, -5, 1, -2, 14, -1, 20, 24, -10, -11, 17]

[Epoch  9/10]
P1 Score : 20, AI score : 28
Move History : [0, 8, 0, 9, 2, 6, 1, 6, 0, 7, 4, 6, 5, 9, 3, 6, 2, 10, 3, 9, 1, 6, 2, 7, 3, 9, 0, 8, 2, 11, 0, 6, 1, 6, 4, 8, 0, 10, 3, 6, 1, 7, 5, 7, 1, 6, 4, 6, 0, 9, 1, 11, 0, 7, 3, 10, 5, 8, 2, 9, 5, 7, 3, 11, 1, 7, 4, 6, 5, 6, 3, 7, 5, 10, 0, 11, 2, 6, 5, 8, 0, 11, 2, 6, 1, 7, 2, 8, 4, 7, 3, 8, 5, 7, 4, 8, 0, 10, 1, 6, 2, 7, 3, 8, 5, 6, 4, 7, 5]
Score Track : [47, 44, 21, 2, -8, 12, 22, 38, 31, 30, 35, 39, -18, -14, -29, 16, 18, 20, 20, 13, -17, -3, -6, 0, -8, -6, -25, 2, -1, -24, 11, 12, 2, -1, 4, 1, 14, -1, 12, 14, -1, -3, 0, -13, -3, -11, -1, 2, 7, 5, 5, 1, 11, 11]

[Epoch 10/10]
P1 Score : 37, AI score : 11
Move History : [5, 6, 4, 6, 0, 9, 2, 7, 2, 6, 3, 7, 0, 10, 2, 11, 3, 8, 1, 8, 0, 10, 4, 11, 3, 8, 2, 9, 5, 7, 0, 9, 3, 7, 5, 6, 0, 9, 3, 7, 4, 8, 2, 11, 0, 7, 4, 8, 5, 6, 1, 8, 0, 6, 1, 11, 2, 9, 3, 11, 1, 6, 2, 8, 3, 7, 1, 9, 2, 10, 4, 11]
Score Track : [-6, 2, -9, 28, 40, 45, 53, 45, 27, 8, 19, 44, 23, 17, 35, 22, 18, 23, 36, 31, 37, 39, 25, 24, 36, 46, 50, 37, 20, 39, 34, -1, -4, -1, 29, -19]

P1 wins:  4, Tie :  0, Agent wins :  6