[Epoch  1/100]
P1 Score : 14, AI score : 34
Move History : [3, 10, 5, 7, 0, 9, 2, 11, 4, 11, 5, 7, 2, 6, 0, 7, 3, 6, 1, 6, 0, 9, 0, 8, 0, 11, 2, 9, 0, 7, 0, 6, 1, 6, 2, 11, 1, 7, 2, 8, 4, 6, 0, 11, 5, 11, 1, 6, 2, 7, 3, 11, 1, 7, 0, 6, 1, 7, 4, 6, 5, 6, 2, 10, 4, 7, 5]
Score Track : [6.563720000000001, 12.141210000000001, 12.35302, 11.491980000000002, 9.22395, 8.93646, 8.72465, 7.5580300000000005, 8.89218, 9.889349999999999, 10.17684, 10.38865, 7.21438, 6.9226, 5.71505, 5.874559999999999, 8.49618, 8.57329, 3.3694200000000003, 3.23472, 5.58035, 4.3680200000000005, 7.153930000000001, 9.29963, 8.80176, 8.26246, 7.26386, 8.35858, 5.73642, 8.35858, 8.35858, 6.55746, 5.473599999999999]

[Epoch  2/100]
P1 Score : 18, AI score : 30
Move History : [0, 6, 2, 7, 4, 8, 5, 6, 0, 11, 0, 8, 5, 7, 4, 8, 1, 6, 2, 6, 3, 8, 1, 6, 5, 6, 4, 6, 0, 11, 5, 6, 0, 7, 4, 11, 5, 9, 2, 7, 3, 11, 4, 8, 1, 10, 2, 8, 3, 9, 5, 9, 4, 9, 1, 6, 5, 10, 0, 6, 3, 8, 0, 9, 2, 11, 4, 7, 3, 11, 4, 6, 0, 7, 1, 8, 2, 9, 5, 11, 3, 9, 1, 6, 0, 7, 4, 10]
Score Track : [13.079360000000001, 8.79316, 13.00368, 14.28977, 14.155070000000002, 12.021740000000001, 11.734250000000001, 11.734250000000001, 11.52387, 11.60098, 13.440559999999998, 8.919800000000002, 10.84937, 10.02833, 9.89363, 9.02973, 8.89503, 4.607989999999999, 12.097420000000001, 8.43859, 5.79309, 8.01354, 4.97062, 3.5775299999999994, 4.084810000000001, 2.5039500000000006, 6.74648, 6.74648, 7.02016, 6.993970000000001, 5.67506, 5.94874, 5.627, 4.41893, 3.5578399999999997, 2.7054500000000004, 1.6326, -1.7816800000000002, -1.7816800000000002, 3.5578399999999997, 3.06862, 3.35611, 1.97768, 1.8429800000000003]

[Epoch  3/100]
P1 Score : 33, AI score : 15
Move History : [2, 7, 0, 11, 0, 6, 1, 10, 0, 6, 4, 8, 5, 6, 3, 6, 5, 8, 0, 7, 1, 10, 1, 11, 5, 9, 1, 8, 4, 6, 0, 7, 3, 10, 2, 10, 4, 8, 3, 9, 1, 10, 0, 11, 1, 7, 0, 8, 3, 6, 5, 7, 3, 8, 4, 6, 2, 10, 5, 6, 1, 11, 4, 9, 3, 11, 5, 10, 1, 6, 4, 8, 5]
Score Track : [7.111080000000001, 13.4273, 9.434330000000001, 9.29963, 8.78367, 4.83735, 10.91557, 8.87695, 8.329590000000001, 14.940430000000001, 12.641940000000002, 11.416300000000001, 7.70939, 3.7040500000000005, 5.84902, 5.71432, 6.53536, 3.67786, 4.94871, 6.61988, 4.4720200000000006, 2.53381, -2.01821, 3.4886500000000007, 4.98585, 2.6792599999999998, -7.961760000000001, 7.13441, 5.69696, 3.2637700000000005, 3.2637700000000005, 2.05336, 1.6326, 1.4193600000000002, 2.32276, 2.61025]

[Epoch  4/100]
P1 Score :  4, AI score : 44
Move History : [0, 11, 4, 6, 5, 6, 1, 6, 2, 6, 0, 7, 0, 10, 5, 11, 3, 9, 2, 8, 3, 9, 1, 6, 3, 11, 2, 7, 5, 6, 3, 9, 4, 8, 0, 11, 4, 9, 5]
Score Track : [13.079360000000001, 4.566520000000001, 5.2762, 6.37092, 9.29963, 7.9212, 7.7865, 11.4301, 10.659970000000001, 8.312069999999999, 7.347650000000001, 7.34908, 8.8165, 5.96111, 6.00254, 6.32428, 7.07682, 7.5775500000000005, 6.12771]

[Epoch  5/100]
P1 Score : 14, AI score : 34
Move History : [2, 8, 5, 9, 1, 7, 4, 6, 5, 6, 1, 7, 0, 10, 0, 9, 2, 8, 1, 7, 5, 10, 4, 11, 5, 9, 4, 7, 1, 11, 2, 9, 5, 7, 3, 6, 4, 6, 0, 10, 4, 11, 2, 8, 2, 7, 1, 9, 3, 6, 2, 7, 3, 11, 0, 6, 3, 7, 2, 8, 1, 11, 4, 11, 2, 8, 3, 7, 4, 9, 5, 9, 2, 7, 4, 11, 3, 8, 4, 9, 5]
Score Track : [7.111080000000001, 9.496210000000001, 8.63517, 11.10547, 9.78513, 9.49764, 10.08068, 11.416300000000001, 7.41096, 10.53717, 10.24968, 10.47958, 3.7040500000000005, 3.9915400000000005, 3.9915400000000005, 3.4922400000000002, 3.7797300000000003, 5.387560000000001, 6.72171, 5.34328, 3.6298, 3.17713, 2.94353, 3.4165600000000005, 5.325690000000001, 3.1305, 5.985880000000001, 4.101470000000001, 2.45364, -11.26544, -12.60032, 4.40277, 6.000380000000001, 5.2907, 3.77757, 5.0636600000000005, 4.31996, 5.21718, 4.37888, 4.37888]

[Epoch  6/100]
P1 Score : 23, AI score : 25
Move History : [4, 6, 3, 6, 0, 9, 4, 8, 5, 9, 2, 11, 5, 7, 5, 6, 4, 10, 4, 11, 2, 7, 3, 6, 0, 9, 4, 11, 5, 10, 1, 10, 4, 8, 0, 11, 0, 6, 2, 10, 5, 7, 1, 10, 5, 6, 3, 6, 5, 11, 4, 6, 2, 7, 5, 9, 5, 7, 1, 8, 1, 10, 3, 9, 2, 11, 5, 7, 1, 8, 0, 6, 3, 7, 5, 9, 4, 10, 2, 8, 5, 9, 1, 7, 0, 10, 4, 6, 1, 7, 3, 11, 1, 8, 0, 9, 4, 10, 2, 11]
Score Track : [7.111080000000001, 8.47948, 6.96635, 10.6471, 13.69956, 12.778070000000001, 9.93363, 10.01074, 10.01074, 6.529540000000001, 6.99971, 8.12205, 6.74362, 5.908040000000001, 8.84269, 8.64037, 9.35148, 8.61565, 6.98162, 5.69696, 5.77407, -9.81048, 4.26237, 6.258140000000001, 7.079180000000001, 5.55223, 5.417529999999999, 5.50712, 3.45224, -6.6604, -7.48144, 5.25811, 3.43776, 1.76587, 1.97625, 0.5074799999999999, 1.18873, 2.97342, 1.84155, -3.15008, 1.5554900000000003, 1.8429800000000003, 2.47555, 2.2651700000000003, 2.18944, -3.15008, -3.15008, -3.15008, -3.15008, -1.8152000000000004]

[Epoch  7/100]
P1 Score : 38, AI score : 10
Move History : [1, 8, 0, 9, 5, 11, 0, 9, 2, 7, 1, 6, 3, 8, 4, 11, 5, 6, 1, 9, 3, 8, 5, 9, 1, 6, 4, 7, 3, 9, 5, 8, 2, 6, 5, 7, 4, 8, 1, 10, 4, 7, 5, 7, 3, 11, 3, 8, 4, 9, 1, 10, 5, 11]
Score Track : [6.06442, 6.35191, 11.551, 9.13018, 6.5032700000000006, 7.87167, 9.21963, 9.65043, 9.66423, 9.6905, 8.972140000000001, 8.72608, 8.72608, 9.28297, 8.59883, 11.71759, 7.889150000000001, 9.300329999999999, 11.2954, 11.085020000000002, 9.553799999999999, 10.91557, 10.088780000000002, 2.6531499999999997, 4.3345400000000005, 7.405240000000001, -10.63152]

[Epoch  8/100]
P1 Score : 25, AI score : 23
Move History : [2, 9, 4, 7, 0, 6, 3, 8, 1, 11, 4, 6, 0, 7, 2, 7, 5, 7, 4, 8, 1, 10, 1, 9, 2, 7, 4, 7, 3, 9, 0, 10, 5, 8, 0, 6, 0, 9, 4, 11, 3, 9, 0, 7, 1, 11, 0, 10, 3, 9, 5, 8, 1, 6, 5, 6, 2, 9, 5, 7, 1, 9, 4, 7, 2, 8, 0, 6, 1, 7, 5, 9, 3, 6, 2, 10, 2, 6, 0, 11, 5, 7, 1, 10, 4, 11, 3, 6, 4, 8, 5, 6, 0, 8, 1, 10, 0, 7, 1, 10, 0, 11, 2, 6, 4, 7, 5, 9, 1, 8, 0, 10, 3, 6, 0, 9, 2, 7, 5, 8, 1, 9, 2, 10, 4, 6, 3, 8, 4, 6, 5, 8, 0, 6, 1, 9, 2, 10, 3, 7, 4, 10, 0, 8, 5, 11, 3, 6, 5, 6, 1, 8, 3, 7, 4, 9, 0, 11, 5, 7, 1, 8, 2, 9, 0, 10, 5, 11]
Score Track : [7.111080000000001, 8.921230000000001, 12.56483, 11.508640000000002, 11.703790000000001, 5.6393699999999995, 5.6393699999999995, 6.06156, 9.088750000000001, 6.848350000000001, 7.2705400000000004, 10.34059, 5.701250000000001, 7.555140000000001, 6.01644, 9.767040000000001, 12.59766, 11.8123, 12.26211, 12.18786, 4.06722, 5.3518799999999995, 5.141500000000001, 6.39198, 3.1290700000000005, 8.39145, 6.09724, 5.2762, 5.29807, 8.30054, 7.61848, 6.02096, 6.02096, 7.40667, 4.0186399999999995, 4.0186399999999995, 4.68608, 4.68608, 7.39144, 5.7879700000000005, 2.76304, 1.9827999999999997, 4.1052, 2.4179600000000003, 1.6326, 2.7054500000000004, 2.17996, 2.17996, 2.95294, -4.57152, -4.57152, 2.16472, 1.68066, 1.8429800000000003, 2.97485, 3.60742, 2.5526600000000004, 2.18733, 3.8963400000000004, 4.10672, -0.7204800000000002, 3.28416, 4.18526, 3.6283700000000003, 3.3408800000000003, 4.12767, 3.84018, 3.6298, 4.1291, 4.6284, 1.26657, 1.68876, 5.050590000000001, 1.34368, 1.63117, 1.95434, 1.1333, 2.17853, 3.18523, 1.7068500000000002, -3.9375999999999998, 2.34085, 2.5512300000000003, -1.8152000000000004]

[Epoch  9/100]
P1 Score : 35, AI score : 13
Move History : [2, 10, 5, 9, 0, 10, 5, 8, 3, 6, 1, 6, 2, 11, 2, 6, 4, 6, 3, 9, 1, 6, 2, 7, 0, 8, 4, 7, 2, 9, 4, 6, 3, 10, 3, 11, 2, 6, 1, 7, 5, 9, 4, 8, 2, 6, 4, 7, 3]
Score Track : [7.111080000000001, 8.921230000000001, 6.9873400000000006, 7.459020000000001, 10.114980000000001, 7.60325, 6.1263, 2.47555, 5.25668, 5.46849, 5.46849, 1.8436800000000002, -12.20656, 6.90594, 7.405240000000001, 7.042070000000001, 4.2790300000000006, 3.0533900000000003, -0.3369000000000001, 1.90057, 4.89351, 4.6817, -1.08072, 1.6326]

[Epoch 10/100]
P1 Score : 30, AI score : 18
Move History : [2, 11, 5, 7, 3, 11, 2, 7, 0, 7, 1, 8, 4, 10, 3, 6, 3, 8, 0, 10, 3, 7, 2, 7, 4, 9, 0, 8, 3, 11, 4, 6, 0, 8, 1, 9, 3, 6, 5, 10, 4, 6, 2, 10, 3, 7, 1, 9, 0, 8, 2, 6, 5, 9, 3, 11, 3, 8, 0, 9, 3, 7, 1, 10, 1, 11, 1, 8, 0, 9, 4, 10, 5, 8, 2, 9, 0, 7, 1, 6, 4, 11, 3, 10, 5, 9, 4, 11, 2, 7, 5, 8, 1, 9, 0, 11, 2, 10, 0, 11]
Score Track : [7.111080000000001, 7.57469, 8.54054, 9.58712, 11.05454, 7.2872, 8.404410000000002, 7.8440900000000005, 7.5566, 9.49335, 9.41767, 8.84269, 9.13018, 6.6984200000000005, 6.198390000000001, 5.48515, 4.69763, 5.8919500000000005, 4.98728, 6.71508, 4.91446, 5.7355, 6.27048, 4.003369999999999, 1.26657, 7.601820000000001, 7.274830000000001, 2.11095, 3.9886800000000004, 6.1948300000000005, 6.11915, 1.5554900000000003, 3.18666, 3.03244, 4.96919, 2.8664199999999997, -0.6534399999999998, 7.117750000000001, 6.33239, 5.19992, 3.1305, 3.5403000000000002, 3.45081, 3.4165600000000005, 2.4179600000000003, 0.18711999999999973, 0.85456, 0.85456, -2.36256, -2.36256]

[Epoch 11/100]
P1 Score : 13, AI score : 35
Move History : [4, 8, 1, 6, 2, 8, 5, 8, 4, 7, 3, 9, 3, 11, 4, 8, 0, 6, 3, 7, 1, 8, 2, 7, 0, 6, 1, 11, 3, 10, 3, 9, 3, 11, 4, 6, 0, 10, 0, 8, 0, 11, 5, 6, 0, 8, 2, 10, 4, 7, 3, 10, 1, 7, 0, 11]
Score Track : [7.111080000000001, 8.49904, 8.49904, 10.705190000000002, 11.70163, 8.495420000000001, 10.20875, 6.57752, 6.866440000000001, 7.2864700000000004, 4.03683, 6.866440000000001, 10.06833, 12.00508, 4.41608, 6.61185, 3.9158600000000003, 3.7040500000000005, 2.6312, 3.1305, 3.95154, 5.83166, 5.69696, 5.69696, 5.62128, -3.99064, 3.0533900000000003, 3.3408800000000003]

[Epoch 12/100]
P1 Score :  7, AI score : 41
Move History : [5, 10, 0, 6, 4, 9, 1, 6, 0, 7, 1, 9, 2, 10, 0, 6, 3, 8, 2, 7, 1, 9, 1, 8, 3, 9, 0, 10, 5, 7, 2, 6, 4, 11]
Score Track : [6.563720000000001, 13.00295, 12.65644, 8.288160000000001, 10.35961, 9.116380000000001, 8.98168, 8.04353, 10.19209, 10.74898, 2.11095, 2.11095, 9.19635, 11.460090000000001, 10.11927, 10.11927, 12.01459]

[Epoch 13/100]
P1 Score : 16, AI score : 32
Move History : [2, 7, 1, 10, 5, 11, 2, 7, 3, 7, 4, 7, 1, 8, 2, 10, 1, 6, 2, 8, 0, 6, 2, 7, 4, 8, 3, 8, 5, 6, 4, 11, 3, 10, 3, 8, 0, 10, 1, 9, 4, 10, 2, 11, 0, 6, 4, 9, 1, 7, 1, 9, 2, 8, 3, 10, 0, 6, 4, 6, 5, 7, 2, 11, 2, 7, 5, 6, 4, 10, 3, 11, 4, 6, 5, 6, 1, 9, 0, 11, 0, 10, 1, 6, 4, 11, 3, 6, 2, 7, 0, 10, 3, 8, 0, 10, 2, 6, 1, 9, 4, 6, 3, 8, 2, 6, 4, 10, 3, 11, 1, 7, 5, 9, 4, 7, 3, 11]
Score Track : [7.111080000000001, 6.563720000000001, 12.48915, 4.2048499999999995, 7.5580300000000005, 10.87321, 10.589500000000003, 11.278739999999999, 11.98985, 8.78653, 11.280170000000002, 8.16727, 12.52861, 10.402470000000001, 13.08458, 12.12884, 7.5580300000000005, 8.23434, 12.15644, 10.159679999999998, 8.82746, 7.542800000000001, 5.12198, 5.40947, 5.0463, 4.20335, -13.38784, 5.56512, 7.75318, 7.830290000000001, 6.17436, 2.11095, 7.057300000000001, 7.632280000000001, 7.344790000000001, 6.07822, 3.7783, 4.69979, 4.69979, 3.76164, 3.26234, 3.47415, 3.47415, 3.52221, 2.97485, 3.6845300000000005, 3.47415, 3.6838000000000006, 5.680300000000001, 5.473599999999999, 7.541370000000001, 7.75318, 7.61848, 4.95014, 7.408100000000001, 1.6326, 5.33379, 3.5578399999999997, -5.11888]

[Epoch 14/100]
P1 Score : 26, AI score : 22
Move History : [2, 6, 1, 7, 0, 8, 3, 11, 3, 6, 0, 7, 5, 6, 4, 6, 5, 9, 5, 7, 0, 8, 2, 10, 1, 11, 4, 9, 1, 6, 3, 8, 0, 6, 1, 10, 5, 8, 1, 6, 2, 6, 3, 9, 5, 7, 4, 9, 5]
Score Track : [7.111080000000001, 6.418990000000001, 6.84118, 7.983080000000001, 4.98728, 4.85258, 6.48375, 11.658570000000001, 8.55663, 11.23731, 11.102610000000002, 5.80104, 2.2637400000000003, 4.1824, 4.1824, 2.76304, 3.26091, 5.33236, 3.4137000000000004, 3.7011900000000004, 2.96532, 2.10288, 3.5578399999999997, 3.7040500000000005]

[Epoch 15/100]
P1 Score : 37, AI score : 11
Move History : [4, 11, 3, 8, 0, 7, 1, 6, 2, 6, 1, 9, 2, 8, 1, 7, 0, 10, 0, 7, 5, 6, 3, 6, 1, 7, 2, 6, 3, 7, 4, 9, 5, 7, 1, 8, 1, 7, 3, 6, 5, 9, 1, 11, 4, 6, 0, 6, 4, 10, 1, 9, 2, 6, 3, 7, 3, 6, 2, 8, 4, 6, 1, 7, 0, 8, 3, 11, 2, 9, 1, 7, 0, 8, 2, 10, 1, 11, 0, 9, 5, 11, 3, 6, 1, 7, 3, 8, 4, 9, 5]
Score Track : [7.111080000000001, 10.50718, 8.70799, 6.197690000000001, 8.19346, 8.606119999999999, 8.13587, 7.713680000000001, 11.98985, 9.192060000000001, 10.47599, 10.5531, 9.040659999999999, 8.61994, 9.04213, 12.051730000000001, 12.05316, 12.05316, 14.62248, 14.12461, 13.837120000000002, 13.837120000000002, 5.71505, 5.50467, 0.02848000000000006, 3.9501100000000005, 4.048400000000001, 3.3671500000000005, 5.123410000000001, 5.410900000000001, 6.563720000000001, 5.050590000000001, 5.050590000000001, 9.76561, 1.5554900000000003, 2.99078, 5.3316300000000005, 1.97768, 2.5338400000000005, 5.54417, -9.29664, -1.3208800000000003, -1.3208800000000003, -1.9883200000000008, 5.33236]

[Epoch 16/100]
P1 Score : 30, AI score : 18
Move History : [1, 6, 3, 7, 0, 6, 4, 9, 2, 8, 1, 9, 2, 11, 3, 6, 1, 7, 2, 11, 0, 9, 1, 10, 5, 6, 0, 10, 2, 7, 3, 11, 4, 10, 3, 8, 1, 6, 2, 6, 4, 6, 5, 9, 0, 7, 0, 9, 2, 6, 1, 11, 4, 8, 5, 9, 1, 10, 0, 6, 4, 7, 5, 8, 3, 8, 5, 9, 1, 7, 4, 9, 2, 7, 5, 8, 4, 6, 5, 7, 3, 11, 4, 6, 0, 9, 5, 6, 1, 8, 2, 11, 0, 7, 1, 9, 3, 8, 2, 9, 4, 10, 1, 11]
Score Track : [6.06442, 6.61178, 12.4287, 12.716190000000001, 9.344850000000001, 11.0517, 11.47532, 7.72173, 4.31996, 8.32688, 0.6188100000000003, 9.33103, 4.91446, 4.1291, 5.673630000000001, 6.04633, 5.45383, 4.62411, 9.31437, 8.63231, 5.20052, 5.48944, 7.097270000000001, 7.830290000000001, 7.830290000000001, 5.74728, 5.54417, 1.47838, 1.11089, 1.68587, 2.7608800000000002, 1.29211, 4.1824, 3.47272, -1.3879200000000003, 3.28416, -1.2678400000000003, 1.4019199999999998, 2.7367999999999997, 2.7367999999999997, 2.7367999999999997, 2.4179600000000003, 1.6326, 2.7054500000000004, 1.6326, 2.18944, 1.1333, -1.14776, -1.14776, -1.14776, -3.15008, -1.8152000000000004]

[Epoch 17/100]
P1 Score : 32, AI score : 16
Move History : [0, 6, 5, 8, 4, 11, 2, 7, 4, 9, 1, 8, 3, 8, 2, 7, 0, 10, 5, 7, 4, 8, 3, 9, 4, 6, 3, 7, 4, 11, 1, 8, 1, 9, 0, 11, 3, 7, 2, 11, 3, 8, 5, 6, 4, 10, 4, 6, 2, 7, 4, 9, 2, 11, 5, 6, 1, 7, 2, 8, 1, 9, 2, 11, 1, 10, 2, 11]
Score Track : [13.079360000000001, 14.229320000000001, 12.35302, 6.72981, 11.58146, 7.3243100000000005, 10.19636, 9.98455, 9.44525, 12.56483, 12.18997, 10.4454, 12.33779, 11.97462, 12.0503, 5.469760000000001, 6.29003, 7.998310000000001, 7.34622, 7.358560000000001, 9.56683, 7.625610000000001, 8.9117, 6.04776, 7.290990000000001, 6.469950000000001, 1.68876, 3.4922400000000002, 2.1319, -11.8128, -11.8128, 3.8199300000000003, 3.1845000000000008, -11.8128]

[Epoch 18/100]
P1 Score : 13, AI score : 35
Move History : [5, 7, 3, 7, 1, 11, 4, 8, 4, 10, 1, 9, 5, 6, 0, 8, 2, 11, 0, 8, 1, 6, 4, 6, 2, 7, 0, 8, 2, 11, 5, 8, 3, 10, 0, 6, 1, 8, 2, 9, 5, 6, 4, 7, 4, 9, 2, 6, 3, 10, 3, 7, 2, 8, 0, 6, 1, 8, 3, 7, 4, 9, 5, 7, 1, 11]
Score Track : [6.563720000000001, 11.85372, 11.85372, 8.19411, 4.77548, 9.706590000000002, 7.5608900000000006, 6.775530000000001, 10.841320000000001, 6.00254, 4.56509, 6.273370000000001, 6.13867, 6.69556, 9.629480000000001, 7.05873, 10.584290000000001, 12.21689, 12.08219, 10.56906, 7.562320000000001, 9.919830000000001, 8.34911, 9.03144, 9.03144, 6.05448, 7.62277, 7.91026, 7.124899999999999, 7.945939999999999, 6.842, 8.61994, 2.11095]

[Epoch 19/100]
P1 Score : 18, AI score : 30
Move History : [4, 8, 5, 7, 3, 6, 5, 11, 2, 9, 0, 10, 3, 9, 2, 11, 0, 8, 0, 9, 3, 6, 1, 8, 2, 11, 4, 6, 2, 9, 0, 7, 0, 11, 3, 8, 2, 6, 3, 7, 5, 10, 5, 9, 3, 8, 4, 7, 2, 6, 5, 9, 1, 10, 0, 11]
Score Track : [7.111080000000001, 11.53491, 11.17174, 13.50298, 9.85652, 9.356489999999999, 7.135840000000001, 7.135840000000001, 4.749280000000001, 5.8235600000000005, 5.8235600000000005, 5.325690000000001, 5.37375, 7.17009, 3.4755800000000003, 5.49179, 4.26237, 4.1429, 3.9879500000000005, 2.89917, 5.716480000000001, 3.95154, 3.6298, 6.04633, 5.96922, 6.25671, 4.92624, 5.89354]

[Epoch 20/100]
P1 Score : 25, AI score : 23
Move History : [0, 8, 3, 8, 1, 10, 0, 11, 2, 9, 3, 8, 0, 6, 4, 6, 2, 9, 1, 6, 3, 6, 5, 7, 5, 11, 0, 6, 1, 10, 0, 7, 4, 7, 1, 6, 3, 6, 5, 9, 0, 8, 0, 9, 4, 10, 5, 7, 3, 11, 4, 10, 0, 8, 1, 6, 5, 8, 2, 6, 0, 8, 3, 9, 5, 6, 1, 11, 4, 8, 0, 6, 5, 7, 2, 10, 1, 8, 2, 6, 0, 9, 4, 6, 5, 6, 3, 7, 0, 8, 5, 9, 1, 6, 2, 10, 1, 7, 4, 8, 5, 6, 0, 11, 2, 9, 0, 10, 1, 7, 2, 8, 4, 6, 5, 6, 3, 6, 5, 7, 4, 6, 0, 11, 5, 10, 0, 9, 1, 11, 0, 7, 1, 10, 3, 11, 2, 8, 0, 6, 4, 7, 3, 10, 5, 8, 1, 9, 4, 10, 2, 11]
Score Track : [13.079360000000001, 7.739220000000001, 8.25888, 10.47672, 8.10539, 7.7146, 7.5166, 9.19063, 9.553799999999999, 6.12201, 6.4095, 7.29967, 6.969250000000001, 8.78224, 8.647540000000001, 2.6792599999999998, 6.557270000000001, 6.32816, 4.56509, 5.11245, 4.51128, 3.4165600000000005, 6.179600000000001, 6.0449, 6.25671, 4.547000000000001, 4.62411, 4.70122, 4.20192, 3.1290700000000005, 3.45224, 2.62977, 3.7040500000000005, 3.45224, 3.4922400000000002, 4.33519, 2.9929400000000004, 4.48798, 2.34228, 2.05479, 2.1319, 3.2637700000000005, 3.5512600000000005, 2.6312, -1.2678400000000003, 3.1290700000000005, 2.7367999999999997, 2.7367999999999997, 3.1305, 0.7344799999999998, 3.55269, 4.05199, 2.39987, -0.8369299999999997, -1.9352800000000001, -1.9352800000000001, 0.7344799999999998, 2.8401500000000004, 2.62977, 2.62977, 3.1290700000000005, 3.17856, 2.1304700000000003, 2.34228, 2.18944, 2.5526600000000004, 1.63117, 1.8429800000000003, 1.34368, 2.68736, 1.8429800000000003, 2.5526600000000004, -2.36256, -2.36256, -1.0276800000000001, -1.0276800000000001]

[Epoch 21/100]
P1 Score : 16, AI score : 32
Move History : [2, 9, 1, 6, 0, 6, 3, 10, 3, 9, 2, 10, 5, 9, 4, 8, 1, 9, 5, 6, 4, 9, 0, 6, 4, 10, 0, 8, 3, 6, 4, 6, 5, 7, 3, 6, 5, 7, 1, 9, 0, 8, 5, 10, 0, 9, 1, 10, 3, 11, 2, 6, 1, 11, 0, 8, 0, 7, 5, 6, 4, 11, 3, 6, 5, 7, 1, 11, 4, 9, 3, 11, 1, 6, 5, 9, 2, 7, 4, 6, 3, 8, 1, 9, 1, 7, 3, 11, 2, 9, 0, 8, 2, 9, 3, 10]
Score Track : [7.111080000000001, 7.5608900000000006, 7.350510000000001, 8.185360000000001, 6.672230000000001, 8.72559, 7.91026, 12.158809999999999, 10.38056, 10.719090000000001, 11.00658, 13.47252, 13.75928, 11.458630000000001, 13.896139999999999, 14.39544, 16.140819999999998, 15.333590000000001, 15.62108, 11.768239999999999, 14.547500000000001, 4.09576, 12.96085, 12.82615, 4.535310000000001, 3.7040500000000005, 3.17856, 2.1319, 2.1319, 6.4510000000000005, 9.629480000000001, 8.072560000000001, 4.9116, 7.1491999999999996, 6.11915, 3.8554100000000004, 7.115679999999999, 3.77757, 5.113359999999999, 5.63794, 5.63794, 1.7426399999999997, 5.92686, 4.18526, 3.18666, -2.92944, -2.92944, 5.426130000000001]

[Epoch 22/100]
P1 Score : 14, AI score : 34
Move History : [4, 8, 3, 6, 5, 6, 1, 7, 1, 10, 2, 6, 0, 7, 3, 8, 1, 9, 0, 6, 2, 6, 3, 6, 1, 7, 4, 6, 2, 10, 3, 11, 2, 6, 5, 10, 4, 6, 3, 7, 0, 11, 4, 7, 0, 10, 3, 8, 0, 11, 3, 9, 1, 10, 4, 11, 2, 6, 3, 8, 4, 7, 5, 9]
Score Track : [7.111080000000001, 10.069030000000001, 11.324530000000003, 10.417700000000002, 11.566930000000001, 10.20875, 8.96502, 7.284440000000001, 8.28161, 10.21836, 10.037139999999999, 10.24968, 10.114980000000001, 9.55952, 8.04639, 8.62137, 4.559340000000001, 4.5250900000000005, 5.78213, 6.21813, 5.123410000000001, 3.33802, 4.0477, 3.83732, 5.25668, 2.7040200000000003, -4.6916, 4.817830000000001, 2.18806, 1.1333, 1.1333, 2.62977]

[Epoch 23/100]
P1 Score : 20, AI score : 28
Move History : [2, 6, 5, 11, 2, 7, 4, 7, 5, 10, 3, 8, 1, 11, 5, 10, 0, 11, 0, 6, 0, 7, 4, 6, 3, 9, 3, 7, 2, 8, 5, 8, 0, 10, 0, 11, 4, 8, 5, 6, 2, 7, 3, 6, 4, 6, 1, 8, 4, 9, 5, 6, 0, 7, 0, 10, 5, 11, 3, 6, 4, 8, 2, 6, 0, 7, 2, 11, 0, 8, 5, 6, 4, 7, 5, 9, 2, 11, 1, 8, 4, 9, 3, 8, 2, 6, 3, 11, 5, 6, 4, 10, 3, 7, 5, 9, 1, 8, 3, 10, 1, 9, 4, 11, 0, 6, 2, 10, 5, 6, 4, 7, 1, 9, 5, 10, 2, 6, 3, 6, 4, 7, 5]
Score Track : [7.111080000000001, 7.398570000000001, 5.4494299999999996, 9.87461, 10.85512, 7.119750000000001, 5.39624, 7.6518, 3.9959799999999994, 3.4966799999999996, 2.1363399999999997, 10.14401, 9.85652, 9.13018, 6.09867, 8.919800000000002, 8.287230000000001, 7.5608900000000006, 5.817, 4.6852100000000005, 6.52811, 7.28863, 7.28863, 6.0449, 6.33239, 8.78078, 7.537050000000001, 5.76027, 1.68876, 1.8429800000000003, 2.62977, 4.96919, 1.4747599999999998, 2.15601, 0.9164400000000001, -0.9460899999999994, 2.3073700000000006, 1.2323600000000003, 5.9073400000000005, 3.4712799999999993, 4.652559999999999, 4.652559999999999, 4.652559999999999, 4.652559999999999, 3.5679200000000004, 4.388960000000001, 3.54983, -0.053039999999999976, -3.39024, 1.2818399999999999, -2.7228, 3.6859600000000006, -0.7022299999999999, 2.39844, 3.31993, 2.97485, 0.7344799999999998, 2.7367999999999997, -0.6004, 1.3683999999999998, 1.3683999999999998]

[Epoch 24/100]
P1 Score : 26, AI score : 22
Move History : [0, 6, 4, 6, 1, 8, 4, 9, 1, 6, 5, 6, 4, 11, 2, 11, 0, 9, 5, 10, 0, 9, 4, 6, 2, 9, 5, 6, 3, 8, 1, 9, 4, 7, 2, 10, 0, 6, 1, 8, 2, 9, 1, 10, 4, 9, 3, 10, 0, 9, 4, 7, 2, 9, 1, 10, 0, 11, 2, 9, 1, 6, 3, 8, 0, 9, 2, 6, 4, 10, 3, 6, 4, 7, 5, 6, 4, 11, 3, 6, 0, 9, 0, 11, 2, 10, 2, 11, 5, 8, 3, 7, 5, 6, 4, 10, 0, 6, 5, 6, 1, 11, 0, 7, 4, 10, 5, 6, 3, 7, 1, 8, 3, 11, 4, 6, 2, 7, 5, 8, 0, 9, 2, 6, 3, 7, 5, 6, 0, 11, 1, 8, 2, 7, 4, 8, 5, 6, 0, 7, 1, 9, 3, 11, 2, 8, 4, 10, 0, 9, 2, 10, 1, 11]
Score Track : [13.079360000000001, 12.86755, 14.804300000000001, 6.48661, 9.32676, 7.925490000000001, 7.3638200000000005, 6.99971, 5.71505, 7.70939, 6.61845, 7.692730000000001, 9.129449999999999, 10.876990000000001, 11.15067, 9.26631, 10.0531, 9.77938, 6.62417, 6.1263, 6.94734, 6.6255999999999995, 8.122069999999999, 9.695649999999999, 9.61997, 10.75184, 2.39844, 14.471119999999999, 2.39844, 5.33236, 2.4179600000000003, 2.62977, 4.96919, 3.2900400000000003, 3.7040500000000005, 3.9734500000000006, 8.1425, 5.988740000000001, 4.6284, 3.4922400000000002, 2.1319, 4.696899999999999, 5.75598, 6.151980000000001, 2.5526600000000004, 2.550580000000001, 0.9282100000000004, 4.12481, 2.2928699999999997, 2.7921700000000005, 3.28416, 2.8977399999999998, 2.47555, 2.34228, 2.1319, -1.2678400000000003, -1.2678400000000003, 1.34368, 1.1333, 1.63117, 2.8387200000000004, 2.05336, 1.1333, 1.91866, 1.1333, 0.634, 1.1333, -0.754, 1.63117, 1.68066, -0.08656000000000019, -0.754, -1.42144, -2.75632, -2.75632, -2.75632, -2.75632]

[Epoch 25/100]
P1 Score : 27, AI score : 21
Move History : [4, 9, 2, 11, 2, 7, 3, 9, 0, 6, 1, 8, 5, 6, 3, 9, 4, 6, 0, 7, 3, 11, 4, 10, 2, 8, 5, 6, 4, 8, 2, 11, 5, 7, 0, 11, 5, 8, 0, 9, 1, 6, 3, 6, 5, 6, 2, 7, 5, 8, 4, 10, 2, 6, 1, 7, 3, 8, 5, 10, 4, 11, 1, 7, 0, 6, 2, 7, 3, 8, 1, 9, 0, 11, 4, 8, 2, 9, 5, 8, 0, 7, 1, 6, 2, 9, 0, 7, 3, 8, 1, 11, 1, 7, 5, 9, 4, 7, 3, 10, 2, 8, 1, 11, 3, 9, 5, 10, 2, 11]
Score Track : [7.111080000000001, 8.633740000000001, 6.42473, 9.22395, 9.90601, 6.560860000000001, 11.20306, 8.4212, 9.07545, 7.31576, 9.38721, 5.892110000000001, 8.13158, 9.91697, 8.84412, 8.63231, 8.99405, 8.859350000000001, 5.12198, 5.19909, 7.26911, 5.141500000000001, 5.141500000000001, 8.15198, 4.8577900000000005, 6.250030000000001, 7.541370000000001, 5.48801, 5.7755, 4.60672, 4.38384, 5.33236, 2.96019, 5.27334, 1.76587, 2.18806, -4.4179200000000005, 2.4179600000000003, 1.91866, 3.7797300000000003, 3.3067, 1.5890399999999998, 1.5890399999999998, 3.8650199999999995, 4.2790300000000006, 1.5890399999999998, 2.78113, -3.51032, 3.35611, 3.35611, 2.68736, 2.2651700000000003, -0.08656000000000019, -1.9687999999999999, -0.6339200000000002]

[Epoch 26/100]
P1 Score : 26, AI score : 22
Move History : [3, 11, 5, 6, 1, 11, 2, 9, 1, 10, 0, 6, 5, 8, 0, 9, 4, 6, 1, 6, 4, 8, 5, 6, 3, 7, 1, 8, 3, 6, 2, 9, 2, 6, 5, 6, 4, 6, 3, 10, 0, 6, 4, 11, 5, 8, 2, 6, 1, 6, 5, 7, 1, 6, 2, 11, 1, 7, 0, 10, 3, 6, 4, 8, 5, 11, 3, 9, 3, 11, 5, 6, 2, 8, 3, 10, 5, 7, 0, 7, 2, 10, 5, 11, 4, 8, 3, 6, 4, 9, 5, 6, 0, 7, 2, 8, 1, 6, 5, 7, 3, 10, 5, 11, 1, 8, 2, 10, 3, 11, 4, 9, 1, 11, 2, 6, 3, 7, 5, 7, 4]
Score Track : [6.563720000000001, 11.08216, 6.50184, 8.072560000000001, 7.4219, 5.095790000000001, 7.76841, 4.36432, 8.009350000000001, 9.19063, 9.055930000000002, 9.68993, 13.28257, 8.670850000000002, 11.128810000000001, 9.71088, 12.18643, 10.13307, 10.42056, 11.62954, 8.62137, 10.174, 7.8440900000000005, 7.63371, 6.848350000000001, 11.361049999999999, 9.305119999999999, 9.305119999999999, 3.001, -10.050640000000001, 3.10002, 4.5688699999999995, 7.76841, 7.26911, 6.33096, 2.46016, 3.6255100000000002, 3.6255100000000002, 4.51865, 6.830260000000001, 4.18094, 6.830260000000001, 3.7761400000000007, 2.2505100000000002, 2.2505100000000002, 2.6727000000000003, 2.59702, 3.51708, 0.6479199999999996, 2.6502399999999997, 2.6502399999999997, -0.7204800000000002, -3.9375999999999998, -3.9375999999999998, -1.9352800000000001, 1.6035499999999998, 1.90057, 1.91576, 1.91576, 1.3683999999999998]

[Epoch 27/100]
P1 Score : 19, AI score : 29
Move History : [3, 8, 2, 10, 1, 9, 0, 6, 4, 8, 0, 9, 1, 6, 0, 10, 5, 11, 3, 7, 2, 9, 3, 11, 5, 8, 0, 11, 0, 6, 2, 7, 5, 6, 3, 8, 5, 7, 1, 9, 5, 11, 1, 7, 3, 8, 2, 9, 3, 10, 1, 7, 0, 6, 3, 11, 4, 8, 5, 9, 0, 8, 2, 6, 4, 7, 3, 10, 4, 8, 2, 9, 5, 6, 1, 6, 4, 10, 2, 11, 0, 8, 5, 6, 2, 7, 1, 8, 0, 11]
Score Track : [6.563720000000001, 8.633740000000001, 7.5608900000000006, 8.06825, 7.98594, 7.48664, 8.69562, 9.827490000000001, 9.46432, 3.4414, -0.4998400000000003, 4.20192, 3.0948900000000004, 6.69413, 5.119820000000001, 6.4823200000000005, 3.22886, 4.56509, 4.72606, 2.95744, 2.89917, 3.4317900000000003, 1.76587, 1.76587, 2.61025, 2.61025, 4.6817, 4.60602, 2.91726, 5.83309, 6.542770000000001, 4.49084, 2.8038399999999997, -2.5356800000000006, 0.42219, 2.39844, 6.3914100000000005, 6.04633, 4.1291, 4.6284, -3.27517, 3.0519600000000002, 2.1319, -7.08768, -7.08768]

[Epoch 28/100]
P1 Score : 24, AI score : 24
Move History : [4, 8, 1, 6, 0, 6, 2, 7, 4, 6, 0, 7, 5, 10, 1, 9, 4, 8, 3, 10, 4, 6, 0, 6, 4, 9, 3, 7, 4, 10, 2, 6, 4, 11, 4, 7, 5, 8, 2, 11, 3, 9, 5, 10, 4, 11]
Score Track : [7.111080000000001, 8.49904, 6.851210000000001, 6.563720000000001, 7.7727, 7.7727, 13.63911, 7.59372, 2.6583099999999997, 10.82466, 8.82959, 9.53927, 8.43583, 11.24828, 11.0379, 8.967880000000001, 9.04499, 5.570320000000001, 0.10055999999999976, 1.4354399999999998, -4.33136, 2.49364, 0.4607999999999999]

[Epoch 29/100]
P1 Score : 35, AI score : 13
Move History : [3, 10, 5, 11, 3, 6, 2, 10, 4, 11, 1, 6, 5, 8, 2, 7, 3, 9, 2, 11, 1, 6, 5, 9, 4, 8, 0, 10, 5, 11, 3, 9, 2, 11, 0, 8, 0, 11, 1, 6, 4, 10, 5, 7, 3, 9, 4, 7, 2, 11, 4, 6, 2, 11, 0, 8, 3, 6, 5, 6, 4, 6, 5, 8, 2, 10, 5, 7, 2, 8, 3, 6, 4, 9, 5, 7, 3, 11, 1, 9, 4, 6, 3, 9, 5, 8, 4, 11, 5]
Score Track : [6.563720000000001, 12.141210000000001, 8.32873, 7.99688, 10.43293, 7.860020000000001, 8.9343, 6.135160000000001, 9.64757, 7.5594600000000005, 5.85118, 6.7479, 7.21295, 7.50187, 5.913060000000001, 5.3461300000000005, 7.9212, 5.1073200000000005, 7.5580300000000005, 5.80832, 5.92543, 6.33096, 3.7040500000000005, 4.99014, 5.3352200000000005, 6.7698100000000005, 7.057300000000001, 6.99828, 2.73172, 6.34762, 7.26911, 5.37815, 7.18247, 2.4435000000000002, -10.23776, 4.19976, 4.19976, 6.255280000000001, 5.83309, 3.9901100000000005, 4.2776000000000005, 3.9901100000000005, 3.9901100000000005, 4.2776000000000005]

[Epoch 30/100]
P1 Score : 16, AI score : 32
Move History : [1, 11, 2, 9, 3, 8, 4, 9, 1, 8, 0, 11, 4, 10, 1, 6, 1, 8, 5, 10, 3, 7, 2, 6, 0, 7, 3, 9, 1, 8, 4, 8, 2, 7, 5, 8, 0, 6, 1, 11, 0, 6, 2, 7, 1, 11, 3, 7, 0, 8, 5, 10, 1, 9, 4, 9, 0, 10, 3, 6, 2, 9, 4, 6, 3, 7, 1, 10, 4, 9, 2, 8, 4, 11, 4, 6, 3, 7, 0, 8, 1, 9, 2, 6, 1, 11, 3, 10, 0, 7, 5, 10, 3, 9, 2, 8, 4, 8, 5, 7, 3, 9, 4, 10, 5, 6, 0, 11, 2, 7, 3, 8, 1, 6, 3, 9, 0, 7, 1, 8, 5, 9, 4, 6, 5, 6, 2, 7, 4, 11, 5, 6, 1, 8, 2, 11, 0, 9, 3, 10, 5, 11]
Score Track : [6.06442, 5.387560000000001, 6.13867, 5.36862, 3.6705699999999997, 9.649920000000002, 8.34339, 3.9158600000000003, 3.1305, 8.47952, 8.40384, 7.92406, 6.4109300000000005, 6.94448, 1.26657, 9.90174, 7.274830000000001, 8.84841, 12.70096, 8.123839999999998, 8.51068, 3.82066, 3.6859600000000006, 6.06156, 5.6393699999999995, 7.5580300000000005, 6.22909, 6.488040000000001, 6.775530000000001, 8.5385, 7.780760000000001, 8.61561, 7.5427599999999995, 4.84775, 10.933119999999999, 2.93199, -0.7022299999999999, 1.9165000000000003, 1.1333, -10.63152, -10.63152, 3.47272, 1.1333, 4.59136, 2.0345400000000007, -1.08072, -7.08768, -1.74816, 4.20335, 4.4989, -6.30016, -0.8405600000000002, 4.12767, 5.31856, 2.68593, 1.84155, 1.34368, 1.1333, 1.1333, -3.51032, 3.83152, 3.4922400000000002, 3.9915400000000005, 3.45224, -0.8405600000000002, 2.9929400000000004, 2.17996, 1.6326, 1.1333, 1.2818399999999999, 2.47698]

[Epoch 31/100]
P1 Score : 14, AI score : 34
Move History : [2, 8, 0, 6, 4, 7, 2, 9, 3, 11, 2, 6, 5, 7, 1, 11, 3, 8, 0, 10, 2, 8, 5, 9, 2, 8, 1, 10, 0, 11, 0, 9, 5, 10, 2, 7, 3, 6, 4, 9, 5, 11, 1, 6, 0, 7, 3, 11, 4, 6, 5]
Score Track : [7.111080000000001, 8.49904, 9.57332, 12.85232, 9.31353, 9.010710000000001, 6.291460000000001, 8.64897, 7.137339999999999, 8.38775, 4.18526, 7.05873, 4.7108300000000005, -12.20656, -12.20656, 3.3970400000000005, 3.76021, 3.6845300000000005, 3.83732, 6.07105, 5.48944, 6.5165299999999995, 5.41606, -0.6534399999999998, 5.473599999999999]

[Epoch 32/100]
P1 Score : 25, AI score : 23
Move History : [1, 7, 4, 9, 2, 6, 0, 9, 5, 10, 3, 7, 2, 10, 1, 6, 5, 6, 0, 7, 1, 8, 0, 6, 5, 10, 4, 11, 2, 9, 0, 8, 2, 6, 4, 10, 2, 7, 1, 6, 2, 7, 0, 11, 0, 9, 1, 8, 5, 6, 4, 7, 5, 6, 3, 10, 0, 8, 0, 9, 0, 7, 1, 6, 3, 7, 4, 7, 2, 6, 5, 6, 3, 7, 4, 9, 5, 8, 1, 9, 2, 10, 5, 11, 3, 6, 1, 7, 3, 8, 0, 10, 3, 11, 5, 7, 0, 6, 2, 8, 1, 9, 0, 6, 5, 11, 0, 6, 1, 10, 2, 7, 3, 11, 5, 7, 4, 7, 0, 8, 0, 6, 2, 11, 0, 7, 5, 8, 4, 10, 1, 7, 5, 9, 0, 11, 4, 8, 0, 9, 5, 10, 2, 7, 3, 6, 0, 7, 5, 6, 4, 8, 5, 9, 1, 7, 2, 11, 1, 8, 2, 10, 1, 11, 2, 9, 3, 10, 4, 6, 5]
Score Track : [6.06442, 7.533270000000001, 8.34768, 8.1373, 11.26351, 11.68713, 13.20026, 10.69139, 11.765670000000002, 12.610050000000001, 13.760010000000001, 15.696760000000001, 15.40927, 15.5454, 9.85652, 6.3571100000000005, 4.4886800000000004, 6.1110500000000005, 6.5442, 4.33948, 4.1291, 0.84438, -13.38784, 4.35649, 2.44423, 4.48798, 2.73172, 4.2376000000000005, 4.44941, 3.9158600000000003, 6.3914100000000005, 3.74496, 5.74728, 4.70265, 5.74728, 5.74728, 5.74728, 5.74728, 4.05199, 4.89637, 4.10885, 2.68593, 1.97625, 2.47555, -5.359039999999999, -5.359039999999999, 4.817830000000001, 1.9943400000000002, 4.46989, 4.46989, 4.33519, 4.39421, 4.6817, 4.46989, 4.33519, 4.62411, 4.70122, 1.1333, 3.46462, 2.91726, 2.91726, 2.1319, 2.3386900000000006, 2.6261800000000006, 3.83589, 1.8429800000000003, 3.16332, 2.5803599999999998, 2.1304700000000003, 2.8387200000000004, 3.1262100000000004, 2.1304700000000003, 3.1290700000000005, 2.6312, 3.1290700000000005, 3.1290700000000005, 3.17856, 2.6312, -3.9375999999999998, -2.75632, -2.75632, -2.75632, -0.24016000000000004, -0.24016000000000004, -0.24016000000000004]

[Epoch 33/100]
P1 Score : 25, AI score : 23
Move History : [2, 10, 0, 6, 3, 11, 1, 8, 2, 7, 4, 7, 1, 6, 2, 10, 0, 9, 0, 6, 4, 8, 0, 9, 2, 11, 0, 7, 4, 11, 5, 6, 2, 8, 3, 6, 0, 10, 0, 7, 3, 8, 0, 10, 1, 11, 1, 10, 4, 6, 3, 6, 5, 11, 1, 8, 2, 7, 4, 8, 5, 9, 3, 6, 0, 6, 5, 6, 4, 6, 2, 9, 1, 11, 5, 7, 2, 6, 0, 9, 1, 10, 0, 6, 3, 10, 2, 6, 1, 7, 2, 10, 3, 9, 5, 9, 0, 8, 3, 9, 4, 8, 1, 6, 5, 6, 2, 10, 3, 7, 0, 8, 4, 11, 5, 9, 1, 11, 4, 6, 2, 10, 2, 9, 5, 10, 4, 6, 1, 11, 0, 7, 3, 11, 5, 9, 4, 10, 2, 11]
Score Track : [7.111080000000001, 8.6418, 7.5608900000000006, 3.7383, 4.04913, 6.33239, 6.0449, 6.457560000000001, 4.97205, 7.041340000000001, 5.413760000000001, 7.98165, 5.62414, 3.20332, -1.99051, 7.6482100000000015, 3.02434, 8.20869, 8.07399, 6.560860000000001, -13.38784, -13.38784, 7.904540000000001, 0.5692000000000004, 4.68313, 5.18243, 6.56464, 5.56604, 8.7189, 7.99688, 6.52811, 6.56229, 6.35191, 7.17295, 8.54135, 6.34188, 7.037750000000001, 5.48658, 5.46324, 4.2195100000000005, 3.3213600000000003, 6.19626, 3.46462, 5.04483, 5.368, -9.844, 3.3408800000000003, 4.4727500000000004, 4.4727500000000004, 4.41516, 6.276230000000001, 6.9844800000000005, 7.48378, 5.44944, 5.94874, 2.5098000000000003, 7.542800000000001, 3.9879500000000005, 3.6532099999999996, 5.473599999999999, 5.473599999999999, 3.1290700000000005, 3.7383, 3.9501100000000005, 2.6312, 2.45364, 1.8429800000000003, -1.9687999999999999, -1.9687999999999999, -0.6339200000000002]

[Epoch 34/100]
P1 Score : 22, AI score : 26
Move History : [5, 9, 2, 6, 0, 10, 4, 10, 1, 7, 5, 11, 3, 10, 1, 6, 4, 9, 1, 8, 0, 9, 2, 6, 0, 9, 4, 7, 3, 6, 0, 7, 2, 8, 2, 9, 5, 6, 3, 11, 0, 10, 5, 9, 1, 9, 3, 10, 5, 7, 3, 10, 4, 7, 2, 11, 4, 10, 2, 7, 5, 9, 3, 10, 0, 7, 5, 7, 3, 6, 1, 10, 4, 6, 2, 11, 2, 8, 5, 7, 2, 11, 3, 6, 5, 6, 0, 7, 1, 9, 3, 11, 2, 8, 5, 6, 0, 9, 3, 7, 4, 9, 5, 7, 1, 11, 0, 10, 4, 8, 5, 11, 0, 9, 1, 6, 3, 10, 2, 11, 4, 6, 3, 7, 4, 8, 5]
Score Track : [6.563720000000001, 8.633740000000001, 7.5608900000000006, 6.91166, 8.753210000000001, 9.76847, 8.21012, 8.26914, 8.26914, 7.0435, 6.276230000000001, 8.1373, 6.89357, 9.632340000000001, 10.494810000000001, 8.84698, 11.42436, 9.252510000000001, 8.61489, 12.2802, 10.448160000000001, 8.463429999999999, 5.48944, 6.276230000000001, 6.734100000000001, 6.734100000000001, 8.82742, 8.11921, 7.919770000000001, 5.95313, 7.496850000000001, 7.423330000000001, 8.84269, 9.41767, 8.99548, 7.513750000000001, 6.04633, 5.51648, 4.65836, 3.6283700000000003, 3.6283700000000003, 1.34368, 1.63117, 1.68066, -2.84288, -3.51032, -4.17776, 2.20615, 1.95434, 1.1333, 3.8277900000000002, 2.05479, 2.05479, 1.5554900000000003, -3.39024, 3.1095500000000005, 1.76587, 1.91576, -0.08656000000000019, 1.1333, 1.3683999999999998, 1.3683999999999998, 1.3683999999999998]

[Epoch 35/100]
P1 Score : 15, AI score : 33
Move History : [0, 9, 1, 7, 5, 11, 5, 8, 1, 6, 0, 9, 3, 7, 5, 11, 2, 7, 3, 6, 5, 8, 0, 6, 5, 9, 0, 6, 3, 11, 0, 7, 1, 8, 2, 10, 4, 7, 5, 6, 2, 8, 1, 10, 2, 7, 3, 6, 4, 7, 0, 9]
Score Track : [13.079360000000001, 7.897870000000001, 7.638000000000001, 11.254660000000001, 8.20869, 8.07399, 10.205890000000002, 6.1053500000000005, 7.72173, 7.72173, 7.72173, 6.07965, 6.07965, 8.132280000000002, 3.40727, 3.8003300000000007, 3.66563, 3.4552499999999995, 3.95154, 3.6283700000000003, 3.95154, 5.19992, 3.6298, 3.97488, 3.97488, 3.97488]

[Epoch 36/100]
P1 Score : 22, AI score : 26
Move History : [3, 10, 5, 10, 1, 6, 1, 9, 2, 7, 5, 11, 4, 10, 5, 7, 1, 6, 2, 10, 3, 7, 5, 8, 3, 6, 2, 9, 4, 9, 1, 6, 5, 10, 3, 6, 5, 8, 2, 11, 2, 7, 0, 7, 4, 6, 5, 6, 2, 7, 4, 8, 2, 10, 1, 6, 0, 11, 2, 9, 1, 8, 4, 7, 0, 6, 3, 10, 2, 8, 5, 9, 3, 11, 0, 8, 1, 10, 3, 9, 2, 7, 3, 6, 5, 10, 4, 6, 0, 9, 1, 7, 5, 8, 2, 11, 0, 10, 0, 11, 3, 6, 0, 7, 1, 8, 3, 9, 2, 10, 4, 6, 5, 6, 3, 11, 0, 7, 2, 9, 1, 8, 2, 9, 4, 10, 5, 11]
Score Track : [6.563720000000001, 12.141210000000001, 8.06019, 11.779470000000002, 8.617080000000001, 8.753210000000001, 7.05873, 7.98165, 9.463460000000001, 9.315800000000001, 9.479550000000001, 10.574270000000002, 9.49764, 9.28583, 8.55949, 8.55949, 8.55949, 8.44238, 8.98974, 9.01736, 4.83449, 7.60096, 10.28014, 11.71759, 10.93223, 7.895940000000001, 8.183430000000001, 9.19063, 9.055930000000002, 2.47555, 0.6588100000000003, 0.6588100000000003, 5.69696, -8.26896, 5.392810000000001, 6.542770000000001, 4.41516, 5.33236, 0.37423999999999946, 2.2651700000000003, 1.8429800000000003, 1.63117, 1.34368, 2.1304700000000003, 2.17996, 1.12824, 2.4179600000000003, 2.46312, 1.91866, 1.5554900000000003, 1.05619, 1.1333, -2.75632, -2.75632, -1.42144, 2.05479, 2.34228, 2.1319, 1.1333, -1.42144, -0.08656000000000019, -0.08656000000000019, -2.75632, 2.32276]

[Epoch 37/100]
P1 Score : 34, AI score : 14
Move History : [5, 11, 2, 6, 4, 11, 1, 10, 3, 9, 1, 6, 2, 6, 5, 8, 1, 10, 0, 6, 3, 10, 4, 10, 2, 6, 3, 8, 5, 6, 1, 11, 0, 7, 0, 6, 5, 6, 4, 10, 1, 8, 4, 6, 5, 10, 2, 11, 5, 9, 1, 6, 3, 10, 4, 6, 2, 11, 5, 8, 3, 7, 2, 11, 3, 10, 5, 8, 1, 9, 3, 10, 1, 11]
Score Track : [6.563720000000001, 7.2872, 8.571860000000001, 10.71899, 7.78507, 6.55943, 6.84692, 5.77191, 2.5025200000000005, 6.90594, 3.701970000000001, 10.07354, 10.285350000000001, 12.20829, 7.302799999999999, 7.302799999999999, 7.66796, 8.0559, 6.92403, 7.8440900000000005, 4.4727500000000004, 7.5580300000000005, 5.68173, 6.4409, 3.79589, 4.02151, 3.76164, 4.10815, 2.6312, 5.14095, 1.8429800000000003, 2.1304700000000003, 2.7040200000000003, 2.62834, 3.1095500000000005, 2.76447, -4.29784]

[Epoch 38/100]
P1 Score : 24, AI score : 24
Move History : [3, 10, 2, 11, 0, 8, 3, 10, 5, 11, 0, 6, 4, 8, 5, 7, 1, 7, 4, 8, 5, 10, 3, 9, 5, 10, 3, 11, 5, 8, 2, 6, 3, 7, 1, 9, 3, 8, 5, 6, 2, 7, 4, 10, 0, 7, 5, 10, 1, 8, 0, 7, 3, 6, 2, 11, 1, 10, 3, 6, 2, 11, 5, 9, 2, 6, 3, 6, 1, 7, 2, 8, 3, 9, 5, 6, 4, 8, 1, 6, 5, 11, 0, 10, 4, 6, 0, 11, 5, 9, 1, 6, 2, 11, 3, 7, 0, 10, 1, 11, 0, 8, 5, 6, 4, 9, 1, 7, 2, 6, 5, 11, 0, 6, 1, 7, 2, 10, 3, 6, 4, 7, 5]
Score Track : [6.563720000000001, 8.05876, 4.2376000000000005, 8.92643, 10.164460000000002, 8.940240000000001, 5.882580000000001, 9.07259, 10.99125, 6.4372, 11.278739999999999, 3.214330000000001, 2.2942700000000005, -2.36256, -0.09881999999999991, 1.26584, 0.9477600000000002, 2.9915100000000003, 2.91583, 3.7026200000000005, 2.5505000000000004, 5.85118, 3.9158600000000003, 4.175730000000001, 6.842, 3.1538800000000005, 8.19203, 6.3185400000000005, 2.45364, 6.48375, 6.34905, 1.05619, 2.61025, 1.8429800000000003, 1.6326, -3.3567200000000006, -3.3567200000000006, 2.1304700000000003, 3.9915400000000005, 4.62411, 5.123410000000001, 2.8379900000000005, 2.34228, 2.1319, 1.8429800000000003, 2.62977, 1.6756, 1.6326, -3.54384, -2.2089600000000003, -3.54384, 1.05619, 1.05619, 0.4607999999999999, 2.46312, 0.5808799999999998, 1.97625, -0.08656000000000019, -0.08656000000000019, -0.08656000000000019, -0.08656000000000019]

[Epoch 39/100]
P1 Score : 15, AI score : 18
Move History : [1, 6, 4, 6, 5, 9, 0, 7, 2, 8, 4, 9, 2, 6, 3, 7, 5, 7, 0, 8, 1, 11, 5, 9, 4, 7, 5, 10, 0, 11, 1, 9, 2, 7, 4, 6, 4, 10, 5, 6, 3, 9, 1, 8, 0, 7, 1, 8, 0, 9, 0, 10, 4, 6, 5, 11, 2]
Score Track : [6.06442, 6.06442, 7.820760000000001, 8.459040000000002, 9.133040000000001, 12.48915, 12.203090000000001, 11.07265, 13.218350000000001, 10.783, 11.85944, 10.50718, 8.360129999999998, 9.85248, 7.738520000000002, 2.62977, 4.5250900000000005, 5.07245, 2.6312, 9.2844, 7.19629, 7.380480000000001, 6.488040000000001, 8.53997, 7.330260000000002, 5.363620000000001, 2.7935700000000003, 2.3998100000000004]

[Epoch 40/100]
P1 Score : 21, AI score : 27
Move History : [3, 8, 1, 10, 4, 10, 0, 7, 3, 6, 0, 7, 2, 7, 5, 6, 3, 11, 2, 9, 5, 6, 1, 8, 4, 9, 5, 6, 0, 11, 1, 8, 3, 6, 0, 11, 0, 8, 2, 9, 0, 10, 3, 8, 4, 8, 1, 6, 2, 9, 1, 7, 5, 8, 2, 11, 5, 9, 1, 6, 5, 6, 3, 6, 2, 10, 2, 6, 1, 7, 2, 9, 0, 11, 0, 6, 3, 9, 5, 10, 1, 11, 4, 7, 0, 6, 5, 6, 1, 11, 3, 8, 2, 6, 5, 11, 3, 10, 4, 7, 5]
Score Track : [6.563720000000001, 7.398570000000001, 10.00357, 8.15489, 7.33385, 7.33385, 7.60325, 9.22489, 9.96219, 9.06973, 7.117750000000001, 5.33379, 8.4519, 6.61988, 5.72609, 6.1948300000000005, 8.13158, 8.41907, 7.919770000000001, 6.7879000000000005, 6.42473, 5.5456, 7.242920000000001, 5.774150000000001, 8.801260000000001, 5.4386, 6.276230000000001, 9.76561, 5.58853, 2.51702, 4.06506, 4.85258, 3.41224, 3.3394500000000003, -0.6446700000000001, -1.03843, 5.967060000000001, 5.54417, 3.53174, 2.1304700000000003, 4.7588099999999995, 2.91726, 4.62268, 4.91017, 4.652559999999999, 2.17996, 2.10288, 4.1052, 2.4179600000000003, 3.5578399999999997]

[Epoch 41/100]
P1 Score : 22, AI score : 26
Move History : [4, 11, 1, 10, 0, 8, 0, 10, 2, 6, 3, 11, 1, 9, 0, 8, 3, 10, 5, 9, 1, 6, 3, 7, 4, 10, 0, 7, 3, 11, 5, 8, 4, 10, 3, 6, 4, 7, 1, 9, 2, 8, 1, 10, 2, 9, 3, 6, 0, 10, 1, 7, 3, 8, 4, 8, 2, 6, 5, 11, 2, 9, 5, 7, 0, 8, 3, 7, 5, 9, 1, 10, 4, 8, 1, 9, 3, 10, 5, 11, 5, 6, 3, 7, 1, 8, 4, 6, 2, 6, 3, 7, 4, 6, 5, 9, 1, 6, 2, 10, 0, 11, 4, 7, 0, 8, 5, 6, 1, 7, 2, 8, 3, 9, 4, 10, 5]
Score Track : [7.111080000000001, 5.92686, 6.1053, 5.29807, 8.10682, 6.833120000000001, 4.33662, 4.2790300000000006, 4.566520000000001, 8.978819999999999, 8.32816, 8.61565, 6.488040000000001, 9.632340000000001, 9.919830000000001, 9.1549, 8.49618, 6.635810000000001, 6.635810000000001, 4.27614, 1.24323, 1.79059, 0.7096800000000001, 5.26097, 7.601820000000001, 9.53857, 7.60325, 9.03927, 8.904570000000001, 7.746510000000001, 4.025790000000001, 2.6312, -8.66272, 3.9915400000000005, -7.8751999999999995, -7.8751999999999995, 3.79077, 5.892110000000001, 5.68173, 6.04776, 4.46989, 1.6326, -7.08768, 4.91017, 4.313280000000001, 5.142379999999999, 4.538900000000001, 3.75211, 4.04913, 3.77398, 2.1887600000000003, 0.634, -1.18128, 1.05619, 0.82104, 0.82104, 0.82104, 0.82104]

[Epoch 42/100]
P1 Score : 11, AI score : 37
Move History : [3, 8, 5, 9, 2, 8, 3, 9, 0, 6, 4, 6, 1, 7, 0, 8, 5, 7, 3, 6, 5, 6, 2, 11, 0, 8, 0, 9, 3, 7, 5, 9, 2, 6, 4, 6, 5, 11, 0, 6, 3, 10, 0, 11, 2, 8, 1, 6, 4, 10, 3, 6, 5, 6, 2, 8, 4, 9, 3, 10, 1, 11]
Score Track : [6.563720000000001, 9.96276, 7.5114800000000015, 8.192730000000001, 11.724230000000002, 12.203090000000001, 10.342020000000002, 12.48915, 14.4259, 14.13841, 14.4259, 9.36102, 7.33669, 8.58995, 8.07399, 6.31773, 6.73992, 10.72042, 11.219720000000002, 4.97189, 6.5462, 5.74788, 2.62977, 5.02439, 5.02439, 5.49607, 6.273370000000001, 5.7755, 6.772670000000001, 5.54703, 5.47135]

[Epoch 43/100]
P1 Score : 13, AI score : 35
Move History : [2, 10, 0, 6, 3, 9, 0, 6, 5, 8, 0, 10, 4, 6, 2, 9, 4, 6, 5, 6, 1, 6, 5, 8, 3, 6, 0, 10, 5, 9, 0, 6, 4, 7, 4, 11, 4, 9, 5, 7, 3, 10, 3, 11, 4, 6, 2, 7, 1, 8]
Score Track : [7.111080000000001, 8.6418, 7.5608900000000006, 12.27734, 7.48664, 9.40314, 11.94843, 11.18926, 11.11358, 12.447730000000002, 13.444899999999999, 13.478419999999998, 14.55343, 11.22088, 5.454079999999999, 5.454079999999999, 6.788959999999999, 11.19355, 3.2804300000000004, 5.46324, 5.72311, 6.666510000000001, -0.9271199999999999, 2.6792599999999998, 0.4077599999999997]

[Epoch 44/100]
P1 Score : 28, AI score : 20
Move History : [3, 11, 3, 7, 5, 9, 2, 7, 1, 11, 5, 6, 3, 8, 1, 11, 3, 6, 5, 6, 4, 7, 0, 8, 2, 6, 3, 6, 4, 8, 1, 7, 2, 9, 4, 10, 4, 6, 5, 11, 4, 7, 0, 6, 1, 9, 5, 8, 3, 10, 3, 6, 1, 11, 3, 9, 5, 8, 0, 9, 3, 11, 2, 8, 4, 7, 3, 6, 0, 11, 5, 10, 1, 9, 0, 8, 5, 10, 4, 6, 1, 9, 2, 7, 5, 6, 3]
Score Track : [6.563720000000001, 4.566520000000001, 7.60023, 7.78577, 8.3172, 7.88845, 6.7384900000000005, 4.06217, 5.45383, 5.95313, 8.151100000000001, 9.250219999999999, 8.04194, 8.70942, 8.70942, 8.63231, 8.919800000000002, 5.31856, 8.75178, 6.91166, 6.08783, 5.95313, 6.92403, 3.7040500000000005, 9.26631, 7.90597, 5.77118, 3.27468, 3.3394500000000003, 5.19909, 5.19909, 4.4123, 6.1096200000000005, 5.77264, 7.057300000000001, 6.288600000000001, -0.5668800000000003, -5.9064, 3.9734500000000006, 3.9734500000000006, 1.5555199999999996, 3.5578399999999997, -0.4468000000000003]

[Epoch 45/100]
P1 Score : 19, AI score : 29
Move History : [4, 6, 3, 6, 4, 7, 2, 8, 4, 10, 4, 9, 4, 6, 1, 6, 3, 9, 0, 6, 3, 7, 4, 6, 2, 6, 0, 11, 5, 6, 2, 10, 1, 7, 2, 9, 3, 7, 1, 6, 2, 9, 5, 10, 1, 8, 0, 10, 4, 6, 0, 7, 3, 9, 1, 6, 3, 11, 4, 6, 0, 10, 0, 7, 1, 8, 2, 10, 5, 9, 3, 7, 5, 6, 4, 10, 1, 11, 4, 9, 0, 6, 1, 10, 3, 7, 2, 8, 0, 9, 3, 11, 4, 7, 0, 10, 5, 8, 0, 6, 1, 7, 3, 8, 4, 11, 5, 9, 2, 11]
Score Track : [7.111080000000001, 8.47948, 6.418990000000001, 11.278739999999999, 9.708020000000001, 7.7989700000000015, 6.226090000000001, 6.04703, 6.04703, 8.88791, 8.87838, 8.253910000000001, 6.91166, 6.1263, 4.06722, 2.5540900000000004, 3.17856, 7.117750000000001, 5.20052, 6.69556, 4.62554, 4.91303, 5.122680000000001, 7.964990000000001, 7.780760000000001, 6.9954, 2.6583099999999997, 6.6998500000000005, 6.17436, 3.4922400000000002, 2.6792599999999998, 2.6312, -7.7216, 3.4165600000000005, 4.91446, 4.6284, 5.413760000000001, 5.413760000000001, 5.338080000000001, 1.8429800000000003, 1.63117, 1.1333, 1.6326, -2.0553600000000003, -2.0553600000000003, -4.72512, 1.63117, 1.2846600000000001, 2.34228, 2.1304700000000003, 0.4607999999999999, 0.4607999999999999, 0.4607999999999999, 1.63117, 2.34085]

[Epoch 46/100]
P1 Score : 32, AI score : 16
Move History : [5, 7, 1, 10, 5, 8, 4, 9, 3, 7, 5, 6, 0, 8, 1, 9, 4, 6, 3, 11, 0, 6, 1, 9, 4, 7, 3, 8, 2, 8, 5, 10, 2, 7, 4, 8, 5, 6, 1, 10, 1, 11, 0, 7, 2, 8, 5, 8, 1, 9, 1, 10, 4, 6, 5, 7, 2, 10, 3, 6, 4, 6, 2, 8, 3, 9, 5, 11, 5, 8, 2, 7, 4, 6, 1, 11, 0, 7, 3, 8, 2, 9, 1, 10, 2, 11]
Score Track : [6.563720000000001, 7.384760000000001, 10.127320000000001, 10.58446, 9.085060000000002, 11.128810000000001, 11.45198, 4.34109, 9.827490000000001, 10.114980000000001, 4.27687, 3.779000000000001, 4.066490000000001, 4.901340000000001, 3.8977700000000004, 6.2157800000000005, 5.126270000000001, 5.47135, 6.04633, 5.91163, 5.54846, 6.63511, 2.18806, 6.63511, 6.5004100000000005, 5.75598, 6.273370000000001, 3.6283700000000003, 4.44941, 5.17433, 5.46182, 6.59222, 5.77118, 6.488040000000001, 1.6326, 1.6326, 2.9929400000000004, 2.17996, 2.0977200000000003, -4.29784, -6.30016, -4.29784, -2.9629600000000003]

[Epoch 47/100]
P1 Score : 22, AI score : 26
Move History : [1, 11, 2, 6, 4, 8, 3, 10, 5, 7, 0, 7, 4, 10, 3, 11, 0, 6, 5, 11, 2, 7, 1, 9, 4, 7, 5, 7, 2, 8, 2, 7, 0, 11, 0, 8, 5, 6, 3, 9, 0, 10, 0, 8, 4, 6, 5, 8, 1, 9, 0, 7, 4, 8, 3, 10, 4, 6, 0, 9, 2, 6, 5, 6, 1, 9, 3, 7, 5, 10, 0, 9, 1, 6, 4, 11, 0, 6, 5, 6, 4, 7, 3, 8, 2, 11, 5, 6, 1, 7, 3, 8, 4, 9, 0, 6, 5, 10, 0, 6, 1, 7, 2, 8, 3, 9, 4, 10, 5]
Score Track : [6.06442, 5.387560000000001, 5.401370000000001, 7.1525, 11.29397, 9.673839999999998, 10.067599999999999, 10.644740000000002, 9.29747, 9.29747, 8.08849, 7.0753900000000005, 6.772670000000001, 5.851260000000001, 9.786050000000001, 7.02912, 9.26631, 7.8440900000000005, 6.347700000000001, 6.44139, 5.92686, 5.58853, -0.8995699999999998, -0.6120799999999997, 5.74728, 5.105320000000001, 3.4165600000000005, 4.12481, 4.18383, 4.47132, 4.10815, 5.18243, 1.8291999999999997, 1.8291999999999997, 4.41516, 4.33948, 4.12767, 4.62697, 1.3699500000000002, 1.6574400000000002, 1.6326, -5.51264, -4.17776, 1.9165000000000003, 0.6143999999999998, -4.72512, 1.91866, 3.1276400000000004, 2.62834, 1.5554900000000003, 1.09472, 1.09472, 1.09472, 1.09472]

[Epoch 48/100]
P1 Score : 18, AI score : 30
Move History : [0, 6, 3, 6, 1, 9, 1, 6, 4, 9, 0, 7, 1, 11, 5, 7, 3, 10, 2, 6, 0, 11, 5, 8, 1, 6, 2, 10, 4, 9, 2, 11, 1, 6, 3, 7, 1, 6, 4, 10, 5, 10, 1, 6, 3, 6, 4, 7, 5, 11, 0, 11, 3, 6, 2, 6, 5, 10, 4, 9, 3, 8, 4, 11, 4, 10, 5, 6, 2, 7, 0, 8, 1, 8, 3, 8, 5, 6, 0, 7, 1, 9, 5, 8, 4, 7, 5, 10, 5, 11, 5, 7, 2, 6, 0, 7, 1, 10, 2, 9, 0, 8, 3, 7, 5, 9, 2, 10, 2, 6, 0, 11, 2, 6, 1, 8, 2, 6, 4, 8, 1, 9, 2, 10, 0, 6, 5, 11, 0, 6, 1, 8, 3, 10, 4, 11, 5, 7, 4, 6, 0, 7, 3, 8, 5, 6, 0, 7, 4, 9, 2, 6, 3, 7, 4, 6, 0, 7, 5, 6, 1, 11, 1, 7, 0, 8, 0, 10]
Score Track : [13.079360000000001, 8.785100000000002, 7.42476, 7.820760000000001, 9.006400000000001, 9.293890000000001, 7.925490000000001, 6.71222, 7.2872, 9.360080000000002, 8.19346, 8.555200000000001, 5.910200000000001, 5.910200000000001, 6.18103, 5.701250000000001, 4.33519, 6.55943, 6.52811, 5.985880000000001, 6.33166, 7.90597, 8.45333, 12.430130000000002, 13.216920000000002, 9.87461, 9.797500000000001, 9.25535, 10.75182, 12.30441, 10.79128, 11.06693, 7.753750000000001, 5.4386, 5.5913900000000005, 5.69982, 9.26631, 9.055930000000002, 7.7727, 7.7727, 9.61425, 7.638000000000001, 12.33779, 8.10255, 6.6255999999999995, 1.6326, 2.62977, 2.1319, -11.8128, -11.8128, -11.8128, 5.6227100000000005, 5.6227100000000005, 5.91163, 6.18103, 8.25248, -9.29664, 2.1304700000000003, 1.8429800000000003, 4.559340000000001, 2.62977, 5.52226, 3.88824, 4.175730000000001, 3.3737000000000004, 5.71455, 4.259510000000001, 5.0463, 4.20049, 2.91726, 2.1319, -5.87288, 4.69979, 5.54417, -5.359039999999999, 4.33662, 2.1319, 3.9915400000000005, 3.45224, 4.49084, 4.4989, 3.43776, 3.43776, 2.8904]

[Epoch 49/100]
P1 Score : 15, AI score : 33
Move History : [1, 8, 3, 8, 2, 7, 1, 11, 4, 8, 0, 6, 2, 8, 3, 6, 5, 7, 1, 8, 2, 11, 5, 9, 5, 7, 4, 11, 0, 9, 2, 6, 1, 8, 3, 9, 4, 8, 0, 9, 2, 11, 5, 6, 3, 8, 0, 10, 4, 11, 0, 9, 5, 6, 2, 9, 1, 11, 5, 7, 5, 11, 1, 10, 4, 9, 5, 6, 2, 9, 5, 7, 3, 6, 1, 10, 1, 11, 0, 8, 5, 9]
Score Track : [6.06442, 7.897870000000001, 10.42861, 8.9205, 9.40598, 10.35582, 7.76984, 9.51144, 12.21689, 9.890780000000001, 10.438140000000002, 5.31697, 6.39198, 9.38635, 6.73031, 7.0178, 4.39564, 8.09208, 6.46852, 5.96922, 9.30106, 8.715119999999999, 6.29096, 6.01728, 3.6283700000000003, 7.438560000000001, -1.3849399999999994, 3.0003900000000003, 4.12481, 4.20049, 3.7797300000000003, 6.56832, 3.9501100000000005, 2.88459, 3.7040500000000005, 2.6312, 5.35994, 4.82064, 3.1305, 1.70912, 2.1304700000000003]

[Epoch 50/100]
P1 Score :  9, AI score : 39
Move History : [4, 11, 0, 6, 4, 7, 2, 11, 4, 9, 0, 8, 0, 6, 1, 8, 0, 6, 1, 9, 3, 11, 4, 10, 3, 6, 0, 9, 0, 7, 4, 11, 1, 10, 2, 11, 5, 6, 0, 8, 2, 9, 3, 6, 4, 6, 2, 7, 0, 9, 2, 8, 0, 10, 0, 6, 3, 7, 5, 8, 2, 9, 0, 7, 4, 6, 3, 10, 0, 11, 2, 9, 1, 10, 5, 7, 3, 10, 5, 6, 2, 9, 4, 6, 5, 6, 3, 9, 4, 7, 5]
Score Track : [7.111080000000001, 10.23562, 3.0533900000000003, 11.21829, 10.50718, 8.35932, 7.980220000000001, 9.91697, 8.41977, 8.496879999999999, 8.6104, 8.13158, 7.377620000000001, 7.242920000000001, 7.4547300000000005, 7.2705400000000004, 2.7054500000000004, 5.55794, 4.2376000000000005, 3.45224, 7.692730000000001, 6.542770000000001, 8.93739, 7.72768, 7.903810000000001, 5.22749, 6.22466, 7.64618, 7.40953, 7.69702, 7.329530000000002, 10.61285, 9.75038, 8.48381, 8.40813, 4.98728, 5.02439, 4.12767, 5.2362, 5.947310000000001, 5.17576, 6.200550000000001, 6.6998500000000005, 6.7217199999999995, 6.02096]

[Epoch 51/100]
P1 Score : 11, AI score : 37
Move History : [1, 6, 5, 8, 3, 8, 4, 10, 4, 11, 5, 6, 3, 7, 3, 11, 4, 9, 3, 11, 1, 8, 4, 11, 3, 10, 2, 8, 5, 6, 4, 9, 5, 6, 2, 10, 0, 11, 0, 9, 3, 6, 4, 9, 1, 7, 1, 9, 5, 10, 1, 11, 0, 9, 2, 6, 4, 9, 1, 8, 5, 11, 3, 9, 5, 6, 4, 8, 5]
Score Track : [6.06442, 6.35191, 8.10825, 10.074970000000002, 8.71085, 7.70939, 11.58952, 10.43293, 7.965560000000001, 8.859350000000001, 7.05873, 7.8455200000000005, 7.34622, 5.698390000000001, 6.273370000000001, 8.84269, 5.167040000000001, 7.903810000000001, 5.62414, 6.13508, 3.26018, 2.1319, 4.62268, 2.91726, 4.62411, 3.9734500000000006, 5.92543, 4.4123, 4.69979, 4.62411, 5.27763, 4.652559999999999, 4.652559999999999, 4.652559999999999]

[Epoch 52/100]
P1 Score : 13, AI score : 35
Move History : [1, 9, 5, 9, 3, 10, 0, 7, 3, 11, 4, 6, 5, 10, 0, 8, 1, 9, 2, 9, 1, 10, 1, 6, 4, 9, 3, 11, 3, 6, 2, 6, 3, 7, 0, 9, 4, 6, 3, 9, 2, 8, 5, 6, 3, 8, 2, 7, 4, 7, 5, 8, 1, 7, 2, 11, 5, 8, 0, 6, 3, 7, 1, 10, 3, 6, 4, 6, 1, 7, 0, 8, 2, 6, 0, 10, 5, 6, 0, 10, 4, 7, 3, 11, 3, 8, 4, 11, 1, 6, 3, 7, 4, 8, 5, 7, 2, 6, 4, 10, 0, 11, 1, 7, 5, 6, 2, 8, 3, 11, 5, 10, 0, 6, 4, 9]
Score Track : [6.06442, 8.459040000000002, 8.95691, 6.4123600000000005, 10.917000000000002, 10.1935, 11.00791, 9.64757, 6.12344, 7.562320000000001, 8.397170000000001, 7.459020000000001, 6.91166, 8.98974, 3.20475, 4.20049, 2.98646, -9.3832, 3.2804300000000004, 2.17996, 3.42319, 7.76841, 6.92403, 7.05873, 8.20869, 8.78367, 6.187659999999999, 5.65411, 5.03962, 5.682300000000001, 4.92826, 7.66304, 3.18666, 3.9734500000000006, 4.260940000000001, 5.967790000000001, 4.97062, 4.835920000000001, 6.967820000000001, 6.833120000000001, 7.044930000000001, 7.044930000000001, 5.33379, 2.08033, 6.02096, 4.09719, 6.02096, 6.02096, 6.02096, 5.705019999999999, 6.05153, 4.18383, 3.8963400000000004, 2.0163199999999994, 5.473599999999999, 3.4712799999999993, 2.8038399999999997, 3.4712799999999993]

[Epoch 53/100]
P1 Score : 21, AI score : 27
Move History : [3, 8, 2, 6, 3, 7, 4, 8, 1, 7, 0, 7, 1, 6, 5, 8, 4, 9, 2, 6, 4, 11, 4, 9, 5, 6, 2, 9, 3, 11, 0, 6, 1, 6, 5, 9, 2, 7, 5, 9, 3, 6, 2, 10, 1, 6, 3, 6, 5, 11, 2, 9, 1, 7, 4, 7, 2, 8, 2, 6, 4, 7, 3, 11, 4, 6, 1, 7, 3, 8, 5, 11, 0, 6, 2, 7, 4, 9, 2, 6, 0, 8, 1, 11, 5, 10, 3, 6, 5, 7, 0, 6, 4, 8, 3, 6, 4, 9, 1, 7, 3, 8, 2, 11, 2, 10, 0, 8, 5, 11, 4, 6, 2, 7, 3, 6, 4, 9, 4, 6, 5, 9, 0, 7, 1, 6, 2, 7, 3, 8, 4, 7, 5, 11, 4, 9, 5, 6, 3, 10, 1, 6, 3, 11, 2, 7, 4, 8, 1, 9, 2, 11, 3, 6, 5, 8, 2, 10, 2, 6, 0, 7, 3, 8, 5, 7, 4, 6, 1, 11, 2, 10, 0, 11, 5, 6, 3, 7, 4, 7, 0, 8, 5, 9, 2, 6, 3, 11, 1, 7, 4, 8, 2, 9, 0, 10, 5, 6, 3, 7, 4, 8, 0, 11, 5, 9, 0, 6, 1, 7, 2, 8, 3, 10, 0, 11]
Score Track : [6.563720000000001, 8.633740000000001, 8.16214, 8.736390000000002, 11.357280000000001, 12.48915, 13.216190000000001, 11.552430000000001, 11.62954, 12.071250000000001, 12.41633, 7.18818, 7.441420000000001, 7.28238, 10.69133, 8.935030000000001, 8.80033, 9.6628, 12.04192, 5.5812800000000005, 8.14967, 8.14967, 5.3352200000000005, 5.882580000000001, 5.75741, 4.38468, 4.259510000000001, 8.99405, 6.667940000000001, 6.723260000000001, 6.63797, 5.092090000000001, 2.72956, 2.5948600000000006, 5.426130000000001, 8.41907, 9.010710000000001, 5.56226, 5.98445, 5.50467, 4.86732, 6.003970000000001, 6.07965, 3.9158600000000003, 3.9158600000000003, 7.661409999999999, 5.9524, 8.4205, 8.4205, 7.964990000000001, 7.90597, 6.563720000000001, 3.5679200000000004, 5.54344, 4.80317, 8.70656, 6.255280000000001, 7.86218, 8.14967, 7.76841, 5.85261, 7.70507, 5.026799999999999, 5.026799999999999, 5.026799999999999, 7.713680000000001, 7.78936, 6.38758, 6.578950000000001, 5.36662, 5.44801, 5.4975000000000005, 2.1319, 4.271850000000001, 4.12481, 4.68313, 2.34085, 3.2804300000000004, 2.9929400000000004, 2.34228, 2.1319, 2.62977, 2.62977, 2.62977, 2.95294, 2.77538, 2.45364, 1.34368, 2.22802, 3.21138, 2.6640200000000003, 3.49887, 4.10672, 3.26234, 2.20615, -2.7228, -0.7204800000000002, -0.7204800000000002, 2.76447, 2.1319, -3.15008, -3.15008, 1.34368, 2.1304700000000003, 1.6326, -2.36256, -2.36256, -1.0276800000000001]

[Epoch 54/100]
P1 Score : 43, AI score :  5
Move History : [0, 11, 5, 8, 0, 6, 4, 10, 0, 6, 1, 8, 2, 9, 3, 9, 2, 7, 4, 7, 0, 10, 3, 7, 5, 6, 0, 10, 0, 7, 3, 8, 5, 9, 1, 11, 3, 10, 4, 6, 0, 7, 3, 11, 5, 7, 1, 9, 2, 8, 2, 10, 3, 11, 2, 8, 4, 9, 0]
Score Track : [13.079360000000001, 4.566520000000001, 11.33833, 10.99182, 13.156470000000002, 11.643340000000002, 11.855150000000002, 11.0517, 10.629510000000002, 10.24443, 12.98845, 11.915600000000001, 14.84952, 15.99948, 16.21129, 12.26497, 3.5200500000000003, 12.61148, 1.6326, 4.70122, 3.9158600000000003, 7.5580300000000005, 7.49758, -10.99176, -11.41904, -10.08416, 5.18243, -8.749279999999999, 3.9130000000000003]

[Epoch 55/100]
P1 Score :  5, AI score : 16
Move History : [4, 9, 1, 6, 4, 9, 5, 7, 3, 11, 0, 8, 5, 6, 4, 7, 0, 8, 5, 9, 1, 6, 0, 7, 4, 8, 1, 9, 3, 10, 2, 6, 1, 7, 0, 8, 2, 9, 3, 10, 4, 6, 5, 8]
Score Track : [7.111080000000001, 7.5608900000000006, 12.56483, 9.729890000000001, 14.21409, 7.9043800000000015, 6.838820000000001, 6.291460000000001, 9.64757, 8.82746, 9.20729, 9.07259, 9.2844, 9.1497, 9.936490000000001, 8.28006, 7.76838, 4.30039, 0.92523, 7.98594, 11.80135, 11.01599]

[Epoch 56/100]
P1 Score : 32, AI score : 16
Move History : [4, 8, 5, 8, 1, 6, 4, 10, 1, 8, 3, 8, 2, 6, 3, 9, 5, 11, 4, 9, 0, 6, 5, 10, 2, 7, 4, 11, 3, 9, 5, 10, 0, 9, 1, 7, 2, 8, 5, 8, 3, 6, 4, 7, 1, 11, 1, 10, 1, 6, 5, 8, 4, 9, 2, 11, 3, 6, 0, 10, 0, 7, 3, 9, 5, 8, 2, 10, 3, 7, 1, 9, 2, 8, 5, 9, 3, 10, 0, 11]
Score Track : [7.111080000000001, 11.53491, 9.36151, 13.71479, 8.873250000000002, 9.267740000000002, 10.417700000000002, 10.89366, 10.266340000000001, 6.7290399999999995, 11.190669999999999, 10.35582, 10.49195, 9.26631, 7.438560000000001, 3.8503600000000002, 6.8797500000000005, 8.484079999999999, 8.484079999999999, 5.77693, 5.5375000000000005, 6.48661, 6.19912, 3.7026200000000005, 2.76447, 2.76447, 4.77474, 3.9158600000000003, 2.4179600000000003, 1.6326, 2.1319, -6.5403199999999995, 3.54983, 4.18383, 3.0533900000000003, 5.46992, 5.3352200000000005, -6.30016, -6.30016, -6.30016]

[Epoch 57/100]
P1 Score :  2, AI score : 46
Move History : [0, 6, 4, 9, 1, 7, 5, 6, 2, 8, 2, 10, 5, 8, 0, 6, 3, 11, 4, 7, 2, 8, 0, 7, 4, 10, 1, 8, 4, 6, 5, 11, 2, 8, 3, 10, 5, 9, 1, 11, 5, 10, 0, 11, 2, 8, 3, 10, 1, 11, 4, 8, 5, 6]
Score Track : [13.079360000000001, 12.86755, 7.820760000000001, 8.845550000000001, 10.494810000000001, 9.82081, 9.48098, 7.33385, 10.37115, 5.25811, 9.9322, 11.21829, 8.75235, 12.68857, 12.401079999999999, 9.649930000000001, 5.83309, 6.12058, 8.64897, 6.35854, 4.20192, 3.9158600000000003, 3.9639200000000003, 1.2623199999999999, 3.4165600000000005, -0.6199200000000005, 6.05448]

[Epoch 58/100]
P1 Score : 18, AI score : 30
Move History : [1, 9, 0, 8, 2, 6, 3, 9, 4, 10, 4, 8, 3, 10, 0, 9, 4, 7, 0, 10, 3, 6, 0, 8, 4, 6, 2, 9, 1, 8, 3, 10, 5, 9, 3, 6, 2, 10, 0, 7, 3, 8, 4, 9, 5, 11, 4, 7, 3, 8, 0, 9, 1, 6, 2, 7, 0, 8, 1, 9, 5, 7, 4, 10, 3, 9, 2, 10, 1, 6, 5, 6, 4, 6, 0, 7, 2, 8, 5, 6, 3, 7, 5, 9, 1, 8, 2, 6, 4, 7, 5, 8, 3, 6, 4, 7, 5]
Score Track : [6.06442, 6.851210000000001, 9.057360000000001, 8.97215, 10.545729999999999, 8.44381, 10.24968, 9.46432, 9.67613, 6.948239999999999, 8.72475, 8.781610000000002, 11.11501, 10.537870000000002, 10.69425, 10.40676, 13.51249, 13.47824, 12.1179, 13.438240000000002, 10.126159999999999, 9.5788, 13.1165, 2.47698, 4.31853, 4.18383, 5.0643899999999995, 3.3984700000000005, 3.2637700000000005, 3.2637700000000005, 0.04751999999999956, 6.56832, 4.62697, 5.83595, 5.625570000000001, 4.838780000000001, 4.838780000000001, 4.6284, 1.26657, 5.47135, 4.6284, 5.126270000000001, 3.83152, 3.83152, 3.83152, 3.83152, 3.83152, 3.83152]

[Epoch 59/100]
P1 Score : 28, AI score : 20
Move History : [1, 6, 4, 6, 5, 7, 1, 11, 3, 9, 3, 11, 1, 10, 5, 11, 4, 6, 3, 9, 4, 7, 2, 7, 0, 9, 0, 6, 1, 7, 2, 10, 0, 8, 4, 7, 3, 9, 0, 8, 1, 6, 2, 6, 5, 11, 0, 6, 2, 7, 3, 6, 4, 8, 5, 6, 0, 7, 1, 11, 3, 6, 2, 7, 1, 10, 2, 8, 5, 7, 3, 8, 4, 9, 5, 11, 0, 10, 3, 6, 0, 7, 2, 8, 3, 9, 5, 6, 1, 11, 3, 10, 0, 7, 1, 8, 2, 9, 3, 10, 5, 6, 4]
Score Track : [6.06442, 6.06442, 7.820760000000001, 8.368120000000001, 11.234950000000001, 7.965560000000001, 10.009310000000001, 4.1831000000000005, 1.3219700000000003, 3.48503, 7.572530000000001, 8.26914, 9.861730000000001, 9.9329, 12.004349999999999, 10.507150000000001, 11.83131, 9.68993, 8.768440000000002, 5.2086700000000015, 3.2121400000000007, 3.86496, 8.77273, 8.28221, 2.5540900000000004, 5.17575, 6.720279999999999, 8.93646, 9.35865, 6.98305, 5.98445, 6.27194, 6.67079, 4.71738, 5.46992, 4.548430000000001, 4.828010000000001, 4.18526, 2.8977399999999998, 1.5554900000000003, 3.3213600000000003, 3.18666, -3.9375999999999998, 3.53174, 0.7344799999999998, 0.634, -0.6004, -0.6004, -0.6004, -0.6004, 0.06703999999999999]

[Epoch 60/100]
P1 Score : 20, AI score : 28
Move History : [2, 11, 0, 8, 4, 8, 0, 11, 5, 11, 1, 10, 1, 9, 0, 11, 3, 6, 5, 6, 2, 9, 5, 7, 2, 10, 2, 6, 5, 9, 1, 8, 1, 6, 2, 11, 1, 7, 3, 10, 5, 9, 0, 9, 1, 10, 0, 6, 5, 11, 3, 8, 1, 11, 4, 10, 3, 7, 2, 10, 3, 9, 4, 8, 0, 9, 5, 8, 1, 6, 2, 10, 2, 9, 1, 10, 0, 7, 2, 11, 0, 9, 1, 10, 5, 7, 3, 6, 5, 8, 2, 9, 4, 6, 3, 8, 5, 6, 0, 7, 0, 8, 4, 11, 2, 9, 1, 10, 5, 6, 4, 11, 3, 6, 2, 7, 5, 8, 4, 7, 5, 6, 3, 7, 4, 8, 5]
Score Track : [7.111080000000001, 7.295259999999999, 8.12348, 9.57046, 10.644740000000002, 6.19626, 4.68313, 7.329560000000001, 9.25913, 7.692730000000001, 7.05873, 5.48801, 6.38616, 7.828860000000001, 8.32816, 4.83735, 5.99692, 7.75318, 3.9698600000000006, 5.69696, 5.54417, 7.904540000000001, 7.76984, 6.0726, 6.5719, 3.6845300000000005, 2.17996, 2.1319, 3.8650199999999995, 4.44941, 4.38754, 0.42219, 0.42219, 5.988740000000001, 5.701250000000001, 4.6284, 5.1277, 5.627, 6.89357, 6.83598, 1.0817300000000003, 3.0439999999999996, -2.17544, 2.8415800000000004, 3.1290700000000005, 3.1290700000000005, 4.70265, 4.17716, 4.20335, 4.77258, -1.508, -4.17776, -2.17544, -2.7228, 3.24425, 3.3213600000000003, 1.64208, 1.64208, 1.64208, 1.09472, 1.09472, 1.09472, 1.09472]

[Epoch 61/100]
P1 Score : 22, AI score : 26
Move History : [4, 6, 5, 10, 0, 8, 0, 6, 3, 8, 1, 11, 2, 9, 0, 6, 5, 6, 3, 7, 2, 8, 0, 9, 4, 9, 5, 11, 2, 7, 3, 6, 5, 6, 1, 8, 0, 6, 4, 10, 0, 9, 3, 7, 0, 11, 3, 6, 1, 7, 0, 6, 2, 6, 1, 8, 1, 10, 4, 7, 2, 9, 0, 6, 3, 10, 1, 8, 2, 11, 2, 9, 5, 9, 0, 7, 3, 8, 4, 10, 1, 9, 3, 11, 0, 10, 4, 6, 1, 11, 0, 7, 2, 6, 3, 7, 1, 8, 4, 6, 5, 10, 2, 6, 1, 8, 0, 7, 2, 11, 3, 9, 4, 10, 2, 11]
Score Track : [7.111080000000001, 7.398570000000001, 14.652940000000001, 11.930100000000001, 10.705190000000002, 10.705190000000002, 7.86218, 7.405240000000001, 9.553799999999999, 8.23932, 7.932120000000001, 8.267680000000002, 10.782300000000001, 11.932260000000001, 7.541940000000001, 7.513510000000001, 7.513510000000001, 7.18818, 7.829430000000001, 7.974970000000001, 9.57046, 5.413760000000001, 6.01501, 6.34762, 2.1304700000000003, 4.351120000000001, 2.1304700000000003, 1.6326, 2.17996, 3.1290700000000005, 3.6283700000000003, 3.4165600000000005, 2.6312, 3.1305, 3.1305, 1.1333, 2.9929400000000004, 5.04487, 5.181, 1.1617599999999997, -3.51032, -5.51264, -5.51264, 1.11305, 3.3192000000000004, 0.76654, 1.55406, 1.97768, 4.31853, 1.05619, 2.4179600000000003, 2.62977, 3.77398, 2.95294, -1.3879200000000003, -3.9375999999999998, -1.9352800000000001, -2.75632]

[Epoch 62/100]
P1 Score : 32, AI score : 16
Move History : [3, 9, 4, 7, 1, 6, 3, 7, 1, 8, 2, 10, 3, 9, 1, 10, 4, 6, 5, 6, 0, 6, 4, 6, 3, 10, 4, 6, 1, 7, 0, 10, 2, 8, 3, 6, 1, 11, 3, 9, 5, 11, 3, 8, 0, 7, 2, 11, 0, 9, 1, 11, 3, 6, 5, 9, 2, 10, 4, 8, 1, 10, 5, 6, 3, 6, 5, 11, 0, 8, 4, 7, 3, 6, 5, 7, 2, 8, 5, 9, 4, 10, 0, 11]
Score Track : [6.563720000000001, 11.85372, 7.843330000000002, 11.77804, 10.55676, 8.00862, 8.272, 5.575430000000001, 6.996950000000001, 10.19352, 9.695649999999999, 9.695649999999999, 10.243009999999998, 11.959389999999999, 10.4905, 3.21948, 10.11927, 10.11927, 12.63188, 1.1333, 7.117750000000001, 4.2448500000000005, 4.7253300000000005, 6.08783, 4.513520000000001, 3.3970400000000005, 5.19766, 6.34762, 6.21292, 2.91726, 2.7054500000000004, 3.46462, 4.28566, 5.1067, 2.96532, 2.9515100000000003, 4.20049, 4.48798, -4.02416, 2.4179600000000003, -2.4491199999999997, -2.99648]

[Epoch 63/100]
P1 Score : 14, AI score : 34
Move History : [3, 6, 5, 8, 4, 10, 4, 6, 3, 8, 4, 11, 2, 6, 5, 8, 0, 6, 2, 7, 1, 10, 1, 11, 5, 7, 4, 9, 1, 6, 0, 7, 4, 7, 2, 9, 1, 8, 0, 9, 5, 6, 4, 8, 2, 6, 1, 10, 5, 7, 4, 10, 3, 9, 1, 10, 4, 6, 5, 9, 2, 7, 5, 8, 4, 9, 5, 6, 3, 10, 4, 7, 0, 6, 1, 7, 2, 8, 3, 10, 4, 9, 5]
Score Track : [6.563720000000001, 7.398570000000001, 13.947040000000001, 10.884250000000002, 13.324, 12.77664, 7.99688, 9.666580000000002, 9.61852, 8.6919, 6.33239, 5.39424, 4.18383, 6.38708, 5.123410000000001, 7.329560000000001, 9.14827, 7.8469500000000005, 7.77127, 7.029540000000001, 9.64978, 9.49907, 9.82081, 9.18346, 6.62417, 0.5694299999999997, -0.7022299999999999, 3.6017099999999993, 10.59762, 2.5636799999999997, 5.23344, 4.0186399999999995, 4.68608, 6.02096, 6.02096, 9.04499, 8.83318, 8.6228, 2.11095, 1.97625, 6.02096]

[Epoch 64/100]
P1 Score : 25, AI score : 23
Move History : [2, 10, 1, 6, 5, 8, 0, 10, 3, 6, 0, 11, 0, 7, 0, 9, 0, 8, 1, 8, 5, 7, 3, 6, 0, 11, 5, 6, 2, 6, 1, 7, 4, 10, 4, 6, 0, 8, 3, 6, 1, 9, 1, 6, 4, 7, 0, 6, 3, 10, 4, 9, 2, 10, 5, 11, 1, 9, 5, 8, 2, 7, 4, 6, 5, 6, 0, 9, 3, 7, 5, 10, 0, 9, 1, 8, 4, 9, 3, 6, 4, 7, 2, 10, 0, 11, 0, 8, 5, 6, 2, 7, 1, 8, 5, 9, 4, 6, 5, 7, 3, 8, 0, 6, 5, 10, 1, 9, 4, 7, 5, 11, 0, 8, 2, 10, 1, 11, 4, 9, 3, 10, 2, 11]
Score Track : [7.111080000000001, 7.2734000000000005, 8.34768, 7.40953, 8.67753, 8.54283, 6.7698100000000005, 8.07183, 9.49335, 3.729590000000001, 5.878150000000001, 6.35191, 4.97348, 4.1429, 4.6422, 3.9458300000000004, 6.13867, 4.97205, 4.83735, 5.666340000000001, 5.83452, 8.498540000000002, 7.390010000000001, 7.19629, 7.19629, 7.10395, 6.4123600000000005, 6.6255999999999995, 2.91726, 2.1319, 2.1319, 3.20475, 3.20475, 2.1319, 4.98871, 2.2229599999999996, -5.11888, 3.5578399999999997, 0.22063999999999995, 3.5578399999999997, 3.5578399999999997, 3.5578399999999997, 3.97488, -3.54384, 1.34368, 1.1333, -1.5415200000000002, 0.4607999999999999, 2.05336, 2.5526600000000004, 1.91866, 2.97485, 2.1304700000000003, 2.05479, 2.34228, -2.75632, 1.55406, -2.75632, 1.91576, -2.75632, -2.75632, -1.42144]

[Epoch 65/100]
P1 Score : 31, AI score : 17
Move History : [3, 8, 0, 6, 2, 10, 0, 6, 5, 11, 1, 7, 4, 10, 5, 7, 0, 9, 1, 11, 3, 6, 4, 10, 1, 6, 5, 9, 0, 7, 3, 11, 3, 8, 4, 8, 1, 7, 2, 11, 3, 10, 0, 11, 5, 7, 0, 6, 0, 7, 2, 8, 3, 6, 1, 6, 4, 10, 0, 6, 2, 7, 3, 9, 1, 8, 4, 9, 0, 11, 0, 6, 1, 10, 4, 6, 1, 7, 0, 8, 5, 9, 2, 8, 1, 9, 4, 11, 3, 8, 1, 10, 2, 6, 4, 7, 1, 8, 3, 9, 1, 10, 4, 11]
Score Track : [6.563720000000001, 11.27801, 8.49904, 6.198390000000001, 11.053130000000001, 7.632280000000001, 6.5442, 13.00368, 7.82311, 5.83452, 5.48658, 7.117750000000001, 5.3352200000000005, 6.61988, 6.456100000000001, 3.2324200000000007, 6.84692, 8.49618, 8.571860000000001, 4.7768999999999995, 4.69979, 3.47415, 7.8440900000000005, 7.8440900000000005, 9.78084, 6.12058, 5.84902, 4.97062, 7.37905, 8.63231, 6.5936900000000005, 7.227690000000001, 6.200550000000001, 3.32131, 3.32131, 1.97336, 4.04481, -2.88141, -0.49114999999999975, -0.06896000000000013, 6.98162, 4.49084, 6.294639999999999, 6.294639999999999, 4.854010000000001, 5.56226, 3.4165600000000005, 3.45224, -4.931760000000001, -0.9271199999999999, 0.5278399999999999, -6.69392]

[Epoch 66/100]
P1 Score : 11, AI score : 10
Move History : [4, 6, 5, 6, 0, 10, 0, 7, 1, 6, 3, 6, 4, 8, 0, 9, 0, 11, 5, 9, 1, 6, 4, 7, 2, 6, 4, 11, 2, 8, 1, 6, 3, 6, 1, 10, 5, 8, 1, 9, 2, 6, 5, 11, 2, 10, 0, 10, 2, 6, 4, 7, 3, 10, 4, 6, 2, 7, 0, 10, 2, 9, 2, 8, 2, 9, 1, 10, 1, 11, 4]
Score Track : [7.111080000000001, 7.398570000000001, 6.0201400000000005, 5.1277, 8.270570000000001, 10.419130000000001, 10.419130000000001, 9.040700000000001, 8.27343, 5.3533100000000005, 8.79316, 8.919800000000002, 6.92689, 8.29529, 6.07247, 7.8440900000000005, 8.284370000000001, 4.31996, 7.67082, 7.42476, 5.01784, 5.57473, 0.8226699999999996, 5.0586400000000005, 6.63885, 6.848350000000001, 5.62414, 5.54846, 5.970650000000001, 6.258140000000001, 6.04776, 1.68876, -2.33413, 1.84155, 4.46989]

[Epoch 67/100]
P1 Score : 14, AI score : 34
Move History : [4, 6, 5, 10, 1, 7, 0, 10, 5, 8, 1, 11, 1, 10, 0, 6, 2, 10, 0, 9, 5, 6, 1, 7, 5, 8, 2, 6, 3, 9, 5, 6, 1, 10, 4, 7, 0, 10, 2, 6, 3, 6, 0, 7, 1, 10, 4, 6, 2, 11, 5, 10, 4, 9, 0, 10, 5, 8, 2, 11, 1, 10, 2, 11, 4, 6, 3, 9, 4, 6, 5]
Score Track : [7.111080000000001, 7.398570000000001, 13.06413, 12.929430000000002, 13.716220000000002, 10.553830000000001, 7.13441, 6.99971, 5.46992, 5.68173, 5.46182, 6.3185400000000005, 4.91446, 4.91446, 2.63497, 7.542800000000001, 7.619910000000001, 7.90883, 7.9583200000000005, 7.88264, 8.17013, 8.219619999999999, 5.39511, 9.20298, 8.9926, 4.5250900000000005, 4.72309, 4.9625200000000005, 4.1291, 4.6764600000000005, 2.17996, 2.1319, 3.4151300000000004, 2.91726, 3.0439999999999996]

[Epoch 68/100]
P1 Score : 29, AI score : 19
Move History : [1, 8, 2, 6, 0, 10, 1, 8, 0, 7, 4, 6, 3, 7, 0, 10, 4, 11, 3, 9, 2, 10, 1, 7, 5, 6, 4, 9, 5, 7, 2, 10, 5, 6, 1, 9, 3, 10, 5, 9, 2, 7, 4, 11, 0, 8, 3, 10, 5, 10, 4, 6, 5, 6, 2, 11, 5, 7, 3, 8, 2, 11, 4, 10, 1, 6, 2, 8, 5, 11, 0, 10, 4, 9, 2, 6, 1, 7, 0, 10, 4, 8, 2, 11, 1, 6, 2, 7, 5, 8, 3, 10, 5, 7, 1, 11, 2, 8, 1, 9, 3, 10, 0, 11]
Score Track : [6.06442, 7.398570000000001, 6.0201400000000005, 5.94874, 6.3076300000000005, 12.33779, 10.0393, 12.70096, 8.88934, 5.27855, 7.8440900000000005, 5.2362, 11.614289999999999, 8.84412, 12.64051, 11.0517, 8.30197, 11.70236, 8.27717, 9.31353, 6.90086, 7.18835, 4.12481, 7.117750000000001, 5.9379, 4.728190000000001, 4.728190000000001, 8.50139, 5.9073400000000005, -7.7216, -5.7192799999999995, 5.27334, 2.76447, 2.76447, 2.2651700000000003, -3.75048, 4.91017, -0.6738000000000002, 1.6326, -5.9064, 5.105320000000001, 4.68313, 3.53174, 3.74355, 3.81923, 2.62977, 2.1319, -3.39024, -0.7204800000000002, -4.72512, -2.7228, -2.7228]

[Epoch 69/100]
P1 Score : 16, AI score : 32
Move History : [4, 9, 0, 7, 3, 9, 4, 7, 2, 11, 5, 8, 1, 6, 5, 8, 4, 8, 0, 11, 5, 7, 4, 6, 2, 10, 1, 9, 5, 9, 0, 11, 1, 8, 1, 9, 0, 7, 5, 6, 3, 7, 0, 11, 0, 9, 5, 11, 4, 8, 0, 6, 5, 8, 2, 6, 1, 10, 3, 9, 5, 9, 4, 8, 0, 6, 1, 7, 1, 10, 2, 11, 3, 6, 1, 7, 5, 7, 3, 11, 4, 7, 5, 8, 3, 11, 5, 10, 4, 11, 2, 9, 0, 7, 1, 8, 4, 9, 2, 11, 3, 10, 5, 6, 4, 7, 5, 9, 0, 8, 1, 11]
Score Track : [7.111080000000001, 13.00368, 10.85663, 9.887080000000001, 9.312100000000001, 7.798110000000001, 11.85372, 8.1111, 7.5775500000000005, 7.50044, 8.79817, 10.584290000000001, 12.15644, 5.518680000000001, 5.413760000000001, 5.701250000000001, 3.7040500000000005, 3.9915400000000005, 4.2790300000000006, 10.365310000000001, 4.05199, 5.18386, 4.03104, 7.4219, 8.859350000000001, 6.635810000000001, 6.635810000000001, 10.281570000000002, 8.918330000000001, 5.17433, 8.2104, 8.2104, 8.117780000000002, 9.11495, 7.013610000000001, 7.705080000000001, 2.91726, 2.1319, 2.76447, 2.88964, 4.77547, 3.4414, 5.19766, -0.1745000000000001, 5.19766, 3.06646, 4.39421, 2.77032, 4.1052, 4.1052, 2.9929400000000004, 3.9501100000000005, 3.4165600000000005, 1.4019199999999998, -3.9375999999999998, -3.9375999999999998]

[Epoch 70/100]
P1 Score : 17, AI score : 31
Move History : [4, 6, 2, 10, 4, 8, 1, 6, 2, 7, 0, 11, 2, 6, 3, 6, 0, 11, 4, 6, 2, 7, 3, 8, 0, 9, 1, 9, 0, 11, 0, 6, 4, 6, 2, 8, 3, 10, 3, 7, 5, 6, 0, 11, 2, 7, 3, 9, 2, 10, 0, 8, 3, 11, 2, 9, 3, 10, 5, 6, 4, 6, 1, 10, 2, 6, 3, 11, 2, 6, 0, 7, 0, 9, 4, 8, 2, 10, 3, 6, 1, 6, 5, 10, 3, 9, 2, 11, 3, 6, 0, 7, 1, 10, 0, 8, 4, 8, 5, 8, 3, 6, 1, 8, 2, 6, 5, 7, 3, 6, 0, 7, 4, 6, 1, 7, 2, 9, 3, 11, 5, 6, 4, 7, 5]
Score Track : [7.111080000000001, 7.932120000000001, 6.993970000000001, 8.38193, 10.68853, 10.553830000000001, 3.1276400000000004, 4.835920000000001, 7.042070000000001, 5.8673399999999996, 7.938790000000001, 7.530410000000001, 7.904540000000001, 5.9282900000000005, 7.55587, 8.49475, 5.76454, 6.03822, 6.42473, 5.680300000000001, 10.41627, 12.35302, 2.17996, 7.937860000000001, 6.99971, 4.62554, -12.99408, -12.99408, 3.6611900000000004, 4.12624, 4.9603600000000005, 6.07105, 9.20729, 7.69416, 3.45081, 2.95294, -9.45024, 4.4123, 4.7588099999999995, 3.185930000000001, 3.4755800000000003, 4.41516, 4.62697, 6.258140000000001, 2.8401500000000004, 5.181, 5.0463, 5.392810000000001, 2.2637400000000003, 2.97342, 2.97342, 3.01048, -0.3267199999999999, 1.8429800000000003, 2.1304700000000003, 2.45364, 2.62977, 2.95294, -2.32904, -1.6616000000000002, 1.91576, 1.91576]

[Epoch 71/100]
P1 Score :  9, AI score : 39
Move History : [4, 6, 0, 11, 0, 8, 5, 8, 3, 9, 2, 9, 5, 6, 0, 9, 2, 11, 1, 11, 4, 7, 5, 10, 2, 8, 1, 6, 4, 9, 5, 10, 3, 9, 5, 11, 0, 6, 1, 10, 4, 8, 5, 6, 0, 11]
Score Track : [7.111080000000001, 5.597950000000001, 2.5540900000000004, 8.78367, 10.40531, 8.96639, 7.29006, 5.8178600000000005, 9.918400000000002, 8.99405, 9.35722, 7.73554, 7.1491999999999996, 4.20335, 4.70265, 6.31048, 6.4123600000000005, 6.9873400000000006, 1.0751999999999997, 1.0751999999999997, 3.74496, 3.4165600000000005, 2.6312]

[Epoch 72/100]
P1 Score : 15, AI score : 33
Move History : [1, 6, 2, 9, 1, 7, 3, 7, 5, 6, 4, 7, 5, 8, 2, 6, 5, 6, 1, 7, 4, 6, 2, 10, 4, 6, 0, 11, 2, 8, 4, 11, 3, 8, 1, 6, 4, 6, 2, 9, 2, 7, 0, 9, 3, 10, 2, 8, 4, 8, 3, 9, 4, 6, 5, 6, 4, 11, 0, 6, 3, 7, 4, 6, 5, 6, 2, 10, 4, 6, 2, 8, 1, 11, 4, 10, 1, 6, 5, 6, 0, 9, 0, 7, 1, 11]
Score Track : [6.06442, 7.15914, 7.2734000000000005, 9.553799999999999, 9.734290000000001, 11.128810000000001, 10.598190000000002, 12.70096, 12.20166, 10.83916, 9.76415, 10.732890000000001, 9.84558, 8.46715, 3.8963400000000004, 5.5179800000000006, 8.07399, 8.282399999999999, 5.430610000000001, 6.849970000000001, 5.698390000000001, 5.56512, 5.85261, 6.33239, 6.75601, 4.91446, 5.20195, 8.32149, 7.4947, 8.723220000000001, 2.1319, 5.8760200000000005, 7.02598, 9.28154, 7.998310000000001, 4.22522, 5.6722, 3.9486800000000004, 3.59932, 5.88921, 5.754510000000001, 3.1305, -5.51264]

[Epoch 73/100]
P1 Score : 20, AI score : 28
Move History : [5, 10, 3, 6, 2, 8, 5, 11, 3, 6, 2, 10, 0, 8, 4, 6, 1, 6, 2, 8, 4, 11, 5, 6, 2, 11, 0, 8, 3, 6, 2, 10, 0, 9, 5, 8, 4, 6, 5, 7, 2, 11, 1, 8, 5, 6, 3, 10, 0, 7, 2, 8, 5, 10, 4, 10, 1, 11, 3, 9, 3, 7, 1, 6, 4, 10, 2, 8, 0, 11, 3, 9, 2, 10, 4, 6, 0, 7, 1, 8, 3, 10, 2, 9, 5, 6, 4, 11, 0, 10, 2, 9, 3, 10, 4, 8, 0, 9, 1, 10, 3, 11, 4, 6, 5, 8, 1, 6, 0, 9, 2, 10, 1, 11, 2, 7, 3, 9, 5, 11, 4, 8, 5, 10]
Score Track : [6.563720000000001, 11.85372, 9.343420000000002, 8.480220000000001, 7.9357000000000015, 9.81509, 7.4219, 10.14544, 9.70516, 8.075420000000001, 11.3268, 8.17737, 9.54712, 11.50578, 11.25254, 10.95552, 11.49456, 8.0159, 7.76984, 8.05733, 6.59797, 3.2804300000000004, 8.13158, 7.7865, 7.086430000000001, 3.5512600000000005, 8.84269, 6.46852, 6.6803300000000005, 1.14148, 2.8977399999999998, 3.31993, 3.31993, -5.51264, -5.51264, 1.05619, 0.7096800000000001, 1.8429800000000003, 1.6326, -4.72512, -4.72512, 4.89494, 3.28416, 3.1305, 1.1333, 1.6326, 1.6326, 2.1319, 2.1319, 2.7367999999999997, 2.7367999999999997, 1.34368, 2.1304700000000003, 1.8429800000000003, 1.6326, 1.6326, 2.1319, 2.18944, 1.64208, 1.64208, 1.2846600000000001, 0.42728]

[Epoch 74/100]
P1 Score : 30, AI score : 18
Move History : [0, 8, 4, 10, 5, 10, 3, 7, 5, 6, 0, 8, 1, 9, 4, 11, 3, 8, 2, 6, 0, 11, 5, 6, 0, 9, 1, 6, 3, 10, 0, 9, 2, 6, 4, 6, 5, 6, 3, 8, 2, 7, 3, 9, 1, 8, 2, 10, 5, 7, 1, 9, 4, 6, 0, 7, 2, 8, 3, 6, 5, 8, 1, 10, 2, 6, 0, 7, 3, 11, 1, 6, 0, 9, 5, 11, 3, 6, 5, 10, 2, 8, 0, 10, 1, 7, 3, 6, 2, 7, 4, 11, 2, 10, 1, 11, 5, 9, 3, 8, 5, 11, 1, 9, 2, 10, 4]
Score Track : [13.079360000000001, 8.026710000000001, 15.11081, 8.72559, 11.67247, 11.749580000000002, 13.852350000000001, 9.84701, 7.345490000000001, 7.28863, 6.2157800000000005, 6.003970000000001, 7.438070000000001, 8.07399, 8.64897, 8.47952, 7.347650000000001, 8.0566, 7.903810000000001, 9.93884, 7.828130000000001, 8.61565, 7.619910000000001, 5.1277, 6.969250000000001, 6.757440000000001, 6.89214, 7.601820000000001, 6.181730000000001, 6.1248700000000005, 7.96642, 5.19992, 6.33668, 6.1263, 2.6583099999999997, 2.1304700000000003, 2.45364, 4.04913, 5.181, 5.680300000000001, 3.5512600000000005, 5.46849, 5.5456, 5.0463, 4.9116, 5.01058, 3.78636, 3.83152, 0.7344799999999998, -3.15008, 2.18944, 1.63117, 1.2846600000000001]

[Epoch 75/100]
P1 Score : 23, AI score : 25
Move History : [1, 10, 5, 6, 1, 10, 3, 6, 4, 9, 5, 11, 3, 6, 4, 6, 2, 9, 1, 6, 2, 11, 5, 9, 0, 6, 3, 8, 4, 6, 3, 9, 1, 10, 3, 7, 1, 10, 3, 11, 3, 6, 1, 9, 4, 10, 5, 8, 2, 7, 4, 9, 1, 10, 3, 8, 0, 6, 3, 9, 2, 6, 4, 10, 2, 7, 0, 6, 2, 10, 3, 6, 5, 11, 4, 7, 5, 7, 1, 9, 1, 6, 4, 11, 2, 7, 3, 8, 1, 7, 0, 10, 0, 9, 5, 10, 3, 7, 1, 9, 3, 8, 5, 6, 4, 6, 2, 11, 0, 6, 2, 9, 3, 7, 1, 8, 3, 11, 0, 9, 1, 10, 0, 11]
Score Track : [6.06442, 7.568950000000001, 13.35162, 7.7727, 10.417700000000002, 10.054530000000002, 6.9226, 10.040709999999999, 8.78367, 8.99548, 9.10399, 7.496850000000001, 10.14401, 10.14401, 10.35582, 9.568299999999999, 8.523879999999998, 8.978819999999999, 5.7355, 9.055930000000002, 4.98512, 6.34762, 3.6262100000000004, 10.56906, 8.558060000000001, 11.0517, 11.0517, 8.146910000000002, 10.00655, 11.68713, 9.32962, 9.272029999999999, 9.16873, 8.070500000000001, 11.61145, 8.256039999999999, 12.62814, 3.82204, 7.78507, 5.35045, 4.4123, 4.83449, 3.9130000000000003, 2.49291, 5.04487, -9.05648, -9.05648, 7.405240000000001, 6.6789000000000005, 6.5442, 6.5442, 5.46919, 6.48661, 5.988740000000001, 2.9929400000000004, 3.16408, 2.1319, -3.51032, -2.17544, -3.51032, -3.51032, -3.51032]

[Epoch 76/100]
P1 Score : 35, AI score : 13
Move History : [2, 6, 5, 11, 1, 8, 0, 10, 0, 11, 0, 6, 3, 7, 3, 8, 0, 11, 0, 9, 0, 11, 0, 6, 2, 10, 0, 6, 4, 9, 2, 7, 4, 9, 0, 11, 1, 6, 0, 8, 3, 11, 2, 7, 3, 11, 4, 6, 0, 10, 5, 10, 2, 9, 0, 6, 4, 11, 0, 7, 2, 8, 0, 9, 5, 10, 0, 11]
Score Track : [7.111080000000001, 7.398570000000001, 9.85652, 5.5979399999999995, 3.2637700000000005, 3.7783, 7.26911, 5.37815, 7.21152, 6.99971, 7.117750000000001, 6.61845, 4.2776000000000005, 4.04913, 2.3408200000000003, 3.1756700000000007, 3.4151000000000002, 2.3765, 3.7797300000000003, 2.1319, 5.410900000000001, 4.80317, 4.88028, 2.78113, 1.1333, 2.2630100000000004, 2.62977, 5.54417, 2.91726, 2.34085, 2.5789299999999997, -3.0830400000000004, -4.96528, -4.96528]

[Epoch 77/100]
P1 Score :  7, AI score : 41
Move History : [2, 7, 3, 8, 5, 9, 2, 7, 4, 10, 1, 6, 5, 6, 1, 7, 1, 11, 2, 6, 1, 10, 4, 8, 2, 10, 3, 9, 0, 7, 0, 9, 1, 6, 4, 7, 3, 6, 2, 10, 2, 11, 2, 9, 5, 6, 3, 6, 1, 7, 5, 9, 2, 6, 0, 7, 3, 8, 3, 6, 1, 7, 4, 9, 2, 7, 4, 8, 3, 9, 5, 7, 4, 9, 0, 10, 5, 8, 3, 9, 4, 6, 2, 7, 5, 6, 3, 9, 4, 8, 5]
Score Track : [7.111080000000001, 10.281570000000002, 9.31353, 7.012880000000001, 12.64337, 10.30345, 10.02977, 12.73009, 14.909970000000001, 7.05873, 7.13441, 6.69556, 6.63797, 8.21155, 11.49055, 10.33986, 11.991280000000001, 13.14051, 13.14051, 13.00581, 9.26485, 4.69979, 7.306220000000001, 4.7289200000000005, 5.83236, 6.485180000000001, 6.485180000000001, 6.90737, 6.772670000000001, 5.85261, 4.47418, 8.16214, 10.417700000000002, 10.342020000000002, 10.207320000000001, 10.07405, 10.07405, 9.86224, 7.62277, 6.02096, 6.02096, 6.02096, 6.02096, 6.02096, 6.02096]

[Epoch 78/100]
P1 Score : 44, AI score :  4
Move History : [4, 8, 5, 10, 4, 7, 0, 10, 2, 11, 1, 9, 1, 7, 3, 7, 5, 6, 3, 7, 1, 8, 2, 9, 1, 7, 2, 8, 3, 9, 0, 11, 1, 10, 3, 8, 2, 6, 4]
Score Track : [7.111080000000001, 11.53491, 11.671040000000001, 14.13841, 12.33779, 8.63088, 6.483020000000001, 4.49084, 5.56512, 4.59935, 10.101159999999998, 8.919800000000002, 2.83723, 6.04344, 5.6685, 5.60605, 0.5067500000000003, 2.2651700000000003, 1.97768]

[Epoch 79/100]
P1 Score : 24, AI score : 24
Move History : [2, 6, 1, 7, 5, 11, 3, 9, 1, 10, 4, 6, 1, 10, 0, 7, 4, 8, 0, 11, 2, 11, 4, 8, 5, 10, 3, 9, 3, 6, 4, 10, 5, 6, 0, 6, 1, 9, 4, 11, 5, 7, 5, 9, 0, 10, 2, 6, 4, 6, 3, 8, 2, 6, 4, 8, 5, 11, 2, 8, 1, 6, 3, 9, 5, 6, 0, 11, 2, 7, 0, 10, 2, 8, 3, 6, 1, 10, 3, 7, 4, 7, 5, 6, 2, 9, 1, 7, 2, 11, 5, 10, 0, 8, 5, 9, 2, 10, 3, 6, 5, 6, 4, 7, 5]
Score Track : [7.111080000000001, 6.418990000000001, 7.7727, 10.21969, 6.34905, 5.07543, 12.716190000000001, 7.19629, 7.48378, 9.420530000000001, 8.70656, 7.9212, 10.1935, 8.072560000000001, 7.59228, 4.49084, 7.306220000000001, 6.23337, 5.7355, 4.6284, 5.6198500000000005, -8.6292, 7.22768, 6.69413, 6.40664, 5.56226, 5.181, 5.680300000000001, 5.18243, 1.7935699999999999, 2.67783, 4.04623, 6.15336, 5.368, 2.1319, -7.48144, -7.48144, 2.8415800000000004, 2.6312, 3.1305, 5.17433, 4.62697, 6.8659, 5.17576, 2.0876099999999997, 2.4179600000000003, 2.34228, -5.51264, -0.8405600000000002, -1.3879200000000003, 1.9492799999999997, 2.7367999999999997]

[Epoch 80/100]
P1 Score : 23, AI score : 25
Move History : [0, 8, 1, 7, 2, 6, 4, 7, 5, 7, 3, 11, 1, 6, 3, 9, 2, 11, 1, 6, 0, 7, 2, 8, 2, 10, 1, 8, 2, 6, 4, 6, 2, 7, 5, 6, 1, 11, 3, 10, 1, 7, 3, 10, 0, 6, 5, 7, 4, 9, 3, 11, 1, 8, 3, 7, 4, 9, 1, 10, 2, 8, 4, 6, 5, 9, 1, 10, 5, 8, 1, 11, 0, 8, 3, 7, 1, 10, 5, 6, 2, 6, 3, 9, 2, 8, 5, 6, 4, 6, 3, 7, 5, 11, 4, 10, 0, 8, 3, 10, 2, 6, 1, 7, 5, 9, 0, 7, 3, 10, 1, 11, 1, 6, 0, 7, 4, 7, 2, 6, 3, 7, 4, 8, 4, 9, 5, 6, 0, 9, 2, 7, 3, 9, 4, 8, 5, 6, 1, 7, 4, 8, 5, 11, 0, 6, 2, 10, 2, 9, 1, 11, 3, 10, 0, 11, 4, 7, 0, 8, 2, 9, 5, 7, 1, 6, 3, 10, 4, 6, 5, 8, 2, 6, 3, 7, 4, 9, 5]
Score Track : [13.079360000000001, 6.851210000000001, 13.026980000000002, 11.72188, 11.313, 12.647150000000002, 10.37051, 6.188929999999999, 7.9212, 6.99971, 7.4219, 8.70656, 6.65463, 7.541370000000001, 3.3408800000000003, 6.234800000000001, 5.17576, 8.42336, 8.314200000000001, 9.06973, 7.784340000000001, 7.373920000000001, 11.14261, 11.14188, 11.371080000000001, 6.69699, 4.20049, 6.98305, 7.2705400000000004, 7.48235, 7.02016, 7.828860000000001, 7.77127, 7.7989700000000015, 6.83455, 5.5477300000000005, 2.62977, 3.75211, 3.20475, 5.50712, 6.294639999999999, 6.294639999999999, 4.1291, 5.2362, 6.0368, 5.77118, 5.988740000000001, -8.26896, 3.3948800000000006, 4.46989, 1.5526000000000004, 0.2541599999999997, 4.92624, 3.6283700000000003, 3.1290700000000005, 3.3408800000000003, 1.34368, 1.1333, 2.39034, 1.34368, 1.68066, -3.39024, -4.72512, 2.4179600000000003, 1.6326, 3.83732, 0.6143999999999998, 0.6143999999999998, 2.9929400000000004, 2.45364, -3.39024, 2.9929400000000004, 2.49364, 1.1333, 1.6326, 1.91576, 0.634, 1.97768, 0.634, -2.75632, -2.75632, 1.97625, -0.08656000000000019, -0.08656000000000019, 1.91576, 1.09472, 1.09472, 1.09472, 1.09472]

[Epoch 81/100]
P1 Score : 18, AI score : 30
Move History : [5, 9, 2, 8, 3, 6, 4, 7, 4, 8, 3, 6, 4, 7, 1, 6, 4, 10, 3, 8, 5, 8, 4, 9, 5, 10, 4, 6, 0, 6, 1, 9, 4, 7, 4, 8, 0, 10, 5, 10, 1, 11, 3, 7, 0, 11, 0, 10, 1, 8, 2, 7, 1, 11, 4, 6, 0, 10, 0, 7, 5, 8, 2, 6, 4, 7, 5, 11, 2, 6, 3, 9, 3, 11, 2, 6, 0, 10, 5, 6, 3, 7, 0, 8, 4, 8, 5, 7, 1, 10, 2, 8, 3, 6, 4, 6, 5]
Score Track : [6.563720000000001, 8.633740000000001, 5.755220000000001, 11.280170000000002, 11.932260000000001, 12.144070000000001, 12.853750000000002, 12.98845, 12.77664, 10.66662, 12.49344, 14.41067, 10.44753, 9.162139999999999, 10.159310000000001, 7.643519999999999, 13.035100000000002, 2.68593, 2.97342, 13.610080000000002, 13.821890000000002, 4.559340000000001, 4.85185, 4.35255, 3.473420000000001, 10.450520000000001, 9.85248, 4.519380000000001, 3.83732, 3.47415, 5.18243, 6.45243, 5.595090000000001, 8.49618, 4.519380000000001, 4.6162, 4.20335, 4.33519, 4.12265, 5.604620000000001, 4.97062, 4.835920000000001, 3.3081299999999993, 3.02064, 4.7369, 4.652559999999999, 2.6502399999999997, 3.83152]

[Epoch 82/100]
P1 Score : 44, AI score :  4
Move History : [0, 8, 5, 7, 3, 6, 0, 9, 3, 7, 2, 6, 3, 10, 2, 11, 5, 9, 3, 10, 2, 11, 3, 6, 1, 6, 2, 7, 0, 10, 4, 10, 1, 11]
Score Track : [13.079360000000001, 8.026710000000001, 6.558670000000001, 8.76482, 8.086460000000002, 5.861490000000001, 8.845550000000001, 3.5608400000000002, 4.83449, 5.12198, 5.33379, 4.83449, 3.21138, 1.6326, -11.8128, -7.8751999999999995, -7.8751999999999995]

[Epoch 83/100]
P1 Score : 30, AI score : 18
Move History : [5, 7, 4, 8, 3, 10, 2, 6, 2, 7, 0, 7, 4, 11, 5, 10, 2, 9, 5, 7, 2, 9, 3, 9, 4, 7, 1, 10, 1, 6, 0, 9, 3, 7, 4, 6, 0, 9, 5, 8, 4, 11, 1, 10, 0, 8, 4, 6, 3, 7, 1, 9, 0, 11, 1, 6, 5, 7, 4, 8, 5, 6, 2, 10, 1, 9, 1, 10, 5, 7, 3, 7, 0, 8, 5, 11, 1, 9, 5, 11, 3, 10, 4, 7, 5, 6, 2]
Score Track : [6.563720000000001, 13.291170000000001, 10.884250000000002, 5.936440000000001, 9.29544, 11.62668, 8.37395, 7.6482100000000015, 7.261010000000001, 6.560860000000001, 6.560860000000001, 8.70942, 9.764140000000001, 6.563720000000001, 5.625570000000001, 5.1277, 7.256740000000001, 6.757440000000001, 7.601820000000001, 7.907400000000001, 9.03927, 4.80317, 5.66564, 5.58996, 4.2376000000000005, 7.19486, 6.197690000000001, 4.547000000000001, 3.7797300000000003, 6.18673, 5.92686, 4.854010000000001, 6.542770000000001, 6.754580000000001, 4.71226, 4.83735, 5.68173, 5.8178600000000005, -5.9064, -0.06822999999999979, -2.32904, -1.6616000000000002, -2.99648]

[Epoch 84/100]
P1 Score : 15, AI score : 33
Move History : [5, 8, 0, 6, 5, 8, 1, 10, 2, 11, 0, 8, 3, 10, 4, 6, 1, 7, 0, 10, 3, 9, 2, 7, 5, 8, 4, 10, 1, 11, 2, 9, 4, 6, 5, 8, 3, 6, 4, 9, 5, 8, 1, 7, 2, 9, 3, 11, 1, 8, 0, 8, 5, 7, 2, 9, 3, 11, 5, 10, 4, 7, 0, 9, 0, 11, 3, 10, 4, 6, 1, 11, 5, 7, 0, 10, 2, 6, 1, 8]
Score Track : [6.563720000000001, 13.00295, 13.29044, 13.155740000000002, 7.67893, 4.47132, 8.70799, 11.31299, 8.888480000000001, 9.885649999999998, 6.89214, 6.6998500000000005, 8.69419, 12.5496, 12.97322, 4.251410000000001, 6.8906600000000005, 6.6446000000000005, 7.76984, 7.71225, 6.22539, 8.26914, 4.78505, 9.133040000000001, 5.213590000000001, 7.41974, 7.70723, 7.3607200000000015, 6.578950000000001, 6.07965, 4.566, 6.0187, 6.23051, 5.30902, 5.23334, -0.13960000000000017, 0.6479199999999996, -0.019520000000000426, 2.34228, 2.1319]

[Epoch 85/100]
P1 Score : 20, AI score : 28
Move History : [3, 11, 1, 10, 2, 11, 0, 8, 2, 7, 3, 11, 5, 8, 1, 11, 4, 7, 5, 6, 1, 7, 4, 10, 0, 11, 5, 6, 3, 6, 2, 7, 3, 8, 4, 6, 2, 7, 3, 11, 5, 6, 1, 7, 2, 9, 4, 10, 5, 11, 2, 7, 3, 10, 5, 7, 4, 8, 0, 6, 2, 11, 1, 7, 2, 9, 4, 11, 1, 6, 2, 7, 5, 6, 3, 8, 0, 6, 2, 7, 5, 10, 0, 6, 2, 7, 4, 11, 1, 6, 3, 6, 4, 6, 2, 9, 0, 7, 3, 8, 5, 8, 4, 6, 1, 7, 2, 8, 5, 11, 0, 9, 1, 6, 0, 11, 2, 10]
Score Track : [6.563720000000001, 5.92686, 6.1110500000000005, 4.78496, 4.12624, 5.56153, 7.9212, 8.13158, 10.252519999999999, 7.1672400000000005, 8.73939, 9.85248, 9.4505, 3.8963400000000004, 4.443700000000001, 5.56604, 5.82591, 7.650370000000001, 8.284370000000001, 8.31002, 5.29236, 5.5798499999999995, 5.8673399999999996, 4.2790300000000006, 4.7602400000000005, 3.26234, 3.9130000000000003, 4.62411, 4.62411, 3.4165600000000005, 3.17856, 1.1333, -2.2620000000000005, 4.39421, 3.60742, 1.1333, 3.89491, 2.9929400000000004, 2.7054500000000004, 1.6326, 2.8379900000000005, 4.6817, 2.1319, 4.60602, 1.8429800000000003, 1.8429800000000003, 1.8429800000000003, 1.6326, 2.1319, -3.39024, 3.3394500000000003, 2.62977, 2.6792599999999998, -2.2089600000000003, 2.46312, 2.4165300000000003, 2.34085, 2.76304, 0.634]

[Epoch 86/100]
P1 Score :  8, AI score : 40
Move History : [3, 9, 4, 9, 5, 6, 0, 8, 1, 8, 0, 6, 1, 7, 1, 9, 1, 10, 0, 6, 1, 9, 5, 8, 3, 9, 5, 11, 2, 6, 5, 7, 1, 10, 3, 7, 2, 11, 4, 11, 3, 10, 4, 6, 5]
Score Track : [6.563720000000001, 11.85372, 13.790470000000001, 14.652940000000001, 11.94838, 10.90172, 10.0045, 8.10255, 11.008849999999999, 7.83242, 7.334549999999999, 9.22987, 8.197019999999998, 8.197019999999998, 4.61458, 5.72311, 4.88826, 3.6626200000000004, 3.3889400000000003, 4.69979, 5.74728, 5.74728]

[Epoch 87/100]
P1 Score : 14, AI score : 34
Move History : [4, 7, 0, 9, 3, 6, 4, 7, 5, 10, 1, 9, 3, 8, 0, 10, 2, 9, 4, 8, 0, 9, 1, 6, 1, 10, 0, 7, 3, 8, 0, 7, 1, 10, 5, 11, 4, 6, 3, 7, 5, 9, 4, 7, 1, 10, 0, 8, 3, 10, 0, 9, 5, 11, 1, 6, 4, 9, 5, 8, 2, 10, 0, 9, 3, 7, 1, 10, 3, 11, 0, 8, 5, 6, 1, 7, 2, 10, 5, 9, 4, 6, 1, 7, 0, 10, 3, 6, 5, 11]
Score Track : [7.111080000000001, 13.00368, 7.996930000000001, 9.20799, 13.867580000000002, 9.55666, 9.19349, 11.55386, 11.83703, 10.40676, 12.39967, 11.80278, 10.16876, 11.4891, 12.325420000000001, 11.067030000000003, 11.77598, 12.663829999999999, 3.9915400000000005, 3.17856, 5.656960000000001, 8.70799, 7.19486, 7.635140000000001, 6.25671, 6.33382, 8.270570000000001, 4.48725, 3.7797300000000003, 5.56369, 8.055860000000001, 4.62697, 6.248610000000001, 6.522290000000001, 6.446610000000001, 3.45081, 3.4165600000000005, 3.45224, -7.327839999999999, 5.473599999999999, 0.8015199999999996, 2.1364, 2.1364, 0.13407999999999998, 0.9215999999999998]

[Epoch 88/100]
P1 Score : 34, AI score : 14
Move History : [3, 9, 2, 6, 5, 11, 5, 10, 2, 7, 5, 8, 4, 11, 3, 7, 0, 10, 3, 7, 4, 8, 2, 6, 1, 6, 4, 10, 2, 11, 5, 7, 1, 6, 0, 10, 4, 11, 5, 9, 5, 10, 4, 7, 3, 11, 5, 9, 3, 8, 0, 6, 4, 6, 3, 7, 5, 7, 2, 7, 3, 6, 5, 6, 1]
Score Track : [6.563720000000001, 8.34625, 10.130210000000002, 10.116389999999999, 6.346159999999999, 6.13651, 10.04357, 8.36148, 8.151100000000001, 8.36148, 9.14827, 9.39576, 7.542800000000001, 8.042100000000001, 7.67893, 7.589430000000001, 6.01728, 7.589430000000001, 5.68173, 7.37689, 6.515150000000001, 6.439470000000001, 4.7602400000000005, 3.759480000000001, 3.759480000000001, 3.6247800000000003, 5.19909, 6.06156, -5.05184, -1.5945600000000004, -0.9271199999999999, -0.9271199999999999]

[Epoch 89/100]
P1 Score : 24, AI score : 24
Move History : [4, 11, 1, 6, 2, 10, 2, 11, 4, 8, 3, 7, 5, 7, 3, 11, 2, 10, 1, 6, 0, 11, 0, 7, 2, 10, 4, 10, 1, 6, 2, 8, 0, 9, 0, 6, 4, 8, 5, 7, 2, 9, 3, 8, 5, 9, 0, 10, 5, 7, 4, 8, 0, 6, 5, 11, 2, 6, 1, 6, 4, 7, 0, 9, 3, 11, 4, 10, 5, 6, 1, 10, 2, 9, 3, 11, 5, 6, 0, 7, 1, 8, 2, 11, 4, 9, 0, 11, 3, 10, 5, 7, 4, 6, 5]
Score Track : [7.111080000000001, 5.92686, 5.92686, 4.98871, 4.98728, 5.0149799999999995, 11.929400000000001, 11.64191, 6.16278, 7.602390000000001, 9.673839999999998, 6.332230000000001, 4.12481, 5.2304900000000005, 5.4423, 5.307600000000001, 8.061110000000001, 7.90597, 7.90597, 8.32816, 9.479550000000001, 9.632340000000001, 8.25534, 8.88934, 6.8928400000000005, 5.42407, 7.026810000000001, 7.25744, -1.38421, 1.8429800000000003, 1.8429800000000003, -1.90176, 3.3394500000000003, 2.4179600000000003, 2.96532, 2.17996, 3.2266199999999996, 3.17856, 2.91726, 2.95294, -0.9941600000000004, -0.9941600000000004, 0.3407199999999999, 0.3407199999999999, 0.3407199999999999, 1.09472, 1.09472]

[Epoch 90/100]
P1 Score : 19, AI score : 29
Move History : [1, 7, 2, 7, 5, 7, 4, 8, 3, 7, 0, 10, 2, 11, 5, 6, 5, 6, 4, 9, 1, 7, 0, 9, 2, 10, 1, 7, 4, 7, 2, 8, 0, 11, 5, 11, 2, 8, 3, 8, 5, 10, 4, 8, 2, 7, 5, 11, 1, 9, 0, 7, 3, 8, 5, 6, 0, 11, 3, 9, 1, 11, 3, 6, 5, 8, 4, 10, 0, 8, 4, 9, 2, 6, 3, 10, 4, 6, 5, 8, 1, 9, 3, 7, 3, 9, 4, 11, 0, 10]
Score Track : [6.06442, 6.563720000000001, 8.32006, 10.570490000000001, 13.391580000000001, 11.908420000000001, 11.62668, 7.829430000000001, 8.37622, 4.68313, 4.20335, 7.23922, 5.410900000000001, 4.7602400000000005, 6.12201, 6.12201, 4.91446, 7.84336, 8.13158, 7.980220000000001, 8.555200000000001, 7.13592, 9.21392, 9.13018, 7.8440900000000005, 3.9915400000000005, 3.7040500000000005, 3.7040500000000005, 2.6312, 4.20049, 3.74496, 3.6255100000000002, 4.20192, 4.90207, 3.1290700000000005, 2.62977, 4.04913, 2.6312, 4.260940000000001, 5.3352200000000005, 3.9158600000000003, 4.70265, 4.99014, 4.77833, 2.0977200000000003]

[Epoch 91/100]
P1 Score : 20, AI score : 28
Move History : [4, 10, 1, 6, 2, 10, 5, 9, 2, 11, 1, 10, 4, 6, 2, 7, 4, 10, 5, 8, 3, 6, 1, 8, 2, 10, 0, 11, 5, 8, 0, 6, 4, 9, 1, 8, 5, 6, 2, 6, 5, 11, 0, 10, 0, 7, 2, 6, 0, 8, 3, 9, 1, 9, 4, 7, 0, 11, 5, 7, 1, 10, 1, 6, 0, 7, 5, 6, 4, 6, 5, 6, 1, 11, 2, 10, 4, 7, 0, 6, 5, 10, 3, 8, 1, 11, 3, 9, 2, 11, 3, 6, 0, 9, 5, 7, 1, 8, 2, 11, 5, 10, 5, 8, 4, 9, 3, 8, 1, 7, 3, 11, 5, 9, 4, 11, 0, 6, 5, 6, 0, 7, 1, 9, 4, 8, 2, 10, 2, 9, 3, 11, 4, 8, 5]
Score Track : [7.111080000000001, 7.2734000000000005, 7.2734000000000005, 10.917000000000002, 10.266340000000001, 5.5601, 4.984389999999999, 0.14069000000000065, 9.629480000000001, 7.0435, 10.41627, 10.91557, 7.92406, 6.4123600000000005, 4.835920000000001, 11.29397, 7.8142000000000005, 8.267710000000001, 9.13018, 7.998310000000001, 8.49761, 7.8440900000000005, 6.61845, 7.13368, 6.99898, 8.57329, 7.138700000000001, 8.21298, 12.06553, 6.291460000000001, 6.291460000000001, 4.175730000000001, 3.67786, 8.86078, 10.01074, 10.510040000000002, 9.131610000000002, 8.0559, 6.848350000000001, 7.135840000000001, 7.135840000000001, 9.75608, 9.99408, 7.438560000000001, 5.3533100000000005, 5.0643899999999995, 4.854010000000001, 5.9282900000000005, 9.28297, 6.2157800000000005, 4.21858, 7.117750000000001, 9.26631, 8.555200000000001, 6.06299, 8.47952, 2.5635400000000006, 5.78938, 5.43203, 3.7761400000000007, 4.48582, 0.4077599999999997, 4.4124, 5.19992, 2.62977, 3.4165600000000005, 1.91576]

[Epoch 92/100]
P1 Score : 27, AI score : 21
Move History : [1, 7, 0, 6, 3, 7, 4, 6, 1, 10, 0, 8, 0, 6, 1, 7, 2, 7, 0, 9, 3, 6, 2, 9, 4, 7, 5, 6, 3, 8, 2, 10, 4, 6, 3, 11, 1, 6, 5, 11, 2, 7, 4, 9, 5, 6, 4, 9, 0, 10, 1, 9, 0, 6, 3, 11, 2, 8, 3, 9, 0, 7, 1, 10, 2, 8, 0, 11, 0, 6, 0, 9, 4, 9, 5, 8, 2, 6, 4, 7, 3, 11, 5, 10, 1, 9, 1, 11, 4, 8, 3, 9, 4, 7, 1, 8, 5, 10, 0, 11]
Score Track : [6.06442, 13.291170000000001, 13.00368, 13.156470000000002, 15.227920000000001, 10.76421, 10.494810000000001, 10.57192, 9.79987, 9.252510000000001, 9.929319999999999, 7.59515, 9.6352, 12.7795, 11.73292, 13.2788, 10.863199999999999, 11.410559999999998, 6.9226, 9.146840000000001, 8.935030000000001, 8.78367, 8.26914, 12.504380000000001, 8.13444, 7.1686700000000005, 6.62131, 10.4491, 8.80789, 4.566520000000001, 5.3533100000000005, 7.40667, 9.36101, 4.62697, 3.26018, 5.3316300000000005, 1.0227100000000005, 4.95453, 5.648980000000001, 7.692730000000001, 7.05873, -2.7758400000000005, 2.34228, 3.3394500000000003, 2.05336, 1.9755200000000002, 1.9755200000000002, 3.47272, 0.9289399999999999, -1.9352800000000001]

[Epoch 93/100]
P1 Score : 37, AI score : 11
Move History : [0, 7, 2, 7, 1, 6, 2, 7, 0, 11, 2, 8, 3, 6, 4, 10, 2, 11, 5, 11, 4, 9, 2, 8, 0, 6, 5, 6, 2, 7, 0, 11, 4, 6, 5, 9, 0, 6, 3, 8, 4, 9, 5, 11, 0, 10, 4, 11, 2, 6, 1, 7, 5]
Score Track : [13.079360000000001, 13.71479, 6.563720000000001, 5.050590000000001, 6.182460000000001, 3.6088500000000003, 8.13158, 8.81137, 7.08786, 8.435, 8.66347, 1.8663599999999998, 4.01638, 3.72889, 6.273370000000001, 6.772670000000001, 5.06296, 4.77547, 4.85258, 5.6393699999999995, 5.71505, 2.5519300000000005, -5.7192799999999995, 1.0547300000000002, 1.3429500000000003, 2.17996]

[Epoch 94/100]
P1 Score :  4, AI score : 44
Move History : [3, 6, 2, 11, 4, 11, 5, 6, 1, 8, 1, 11, 1, 9, 2, 8, 1, 9, 0, 10, 2, 9, 1, 6, 4, 7, 4, 10, 5, 9, 3, 9, 0, 10, 5, 6, 4, 10, 0, 9, 1, 10, 2, 7, 3, 8, 3, 10, 4, 9, 2, 6, 1, 8, 5, 10, 2, 6, 3, 8, 5, 9, 4, 7, 5]
Score Track : [6.563720000000001, 7.111080000000001, 5.401370000000001, 10.009310000000001, 9.721820000000001, 8.78367, 8.072560000000001, 7.70939, 7.70939, 8.41907, 6.69556, 6.485180000000001, 7.2719700000000005, 5.48944, 5.625570000000001, 8.69419, 8.69419, 8.54283, 8.54283, 8.75464, 8.75464, 8.96645, 9.25394, 8.62137, 8.83318, 9.61997, 9.122100000000001, 10.40676, 6.842, 6.842, 10.33108, 6.842]

[Epoch 95/100]
P1 Score :  4, AI score : 44
Move History : [1, 9, 2, 6, 5, 10, 2, 8, 1, 7, 0, 9, 0, 7, 5, 6, 3, 6, 4, 11, 2, 6, 5, 6, 4, 7, 2, 6, 0, 7, 3, 11, 0, 7, 5, 9, 3, 11, 1, 9, 5, 6, 4, 6, 5, 7, 2, 9, 4, 10, 2, 8, 3, 8, 4, 6, 5]
Score Track : [6.06442, 9.26627, 8.1373, 7.12204, 8.23057, 10.190660000000001, 9.827490000000001, 10.61428, 10.31869, 10.55812, 4.90207, 4.35471, 5.99679, 9.9322, 11.08216, 7.9212, 7.70939, 9.04354, 7.666300000000001, 7.547070000000001, 7.834560000000001, 7.398639999999999, 7.9212, 9.18414, 8.761949999999999, 6.1562600000000005, 7.115679999999999, 7.115679999999999]

[Epoch 96/100]
P1 Score : 29, AI score : 19
Move History : [3, 7, 4, 9, 2, 6, 4, 10, 0, 9, 3, 8, 2, 10, 3, 11, 4, 8, 1, 6, 0, 9, 5, 8, 3, 11, 0, 6, 4, 6, 5, 6, 1, 9, 2, 8, 3, 7, 1, 9, 4, 8, 3, 11, 4, 9, 2, 6, 3, 7, 4, 6, 1, 7, 0, 8, 2, 9, 1, 10, 1, 11]
Score Track : [6.563720000000001, 11.85372, 9.84056, 11.41487, 6.181730000000001, 8.6761, 3.89491, 8.100389999999999, 5.84975, 2.62977, 2.95294, 5.27045, 4.7369, 2.96532, 2.4179600000000003, 2.4179600000000003, 1.6326, 1.6326, 3.001, -1.508, 2.9929400000000004, 3.20475, 2.4165300000000003, 2.2818300000000002, 0.634, 2.14713, 0.634, -5.51264, -5.51264, -5.51264, -4.17776]

[Epoch 97/100]
P1 Score : 15, AI score : 33
Move History : [3, 6, 4, 7, 0, 8, 2, 10, 3, 6, 2, 8, 0, 10, 2, 7, 5, 10, 3, 7, 0, 8, 1, 6, 3, 8, 0, 7, 1, 11, 3, 10, 1, 9, 5, 6, 0, 10, 1, 7, 4, 11, 4, 8, 2, 6, 3, 7, 4, 10, 1, 9, 4, 6, 0, 11, 3, 6, 5, 10, 2, 8, 2, 11, 0, 10, 3, 11, 2, 9, 3, 6, 0, 11, 1, 6, 0, 10, 1, 7]
Score Track : [6.563720000000001, 7.111080000000001, 11.35369, 11.355850000000002, 9.708020000000001, 8.84482, 10.83916, 10.704460000000001, 12.35588, 12.49201, 12.35731, 10.895290000000001, 10.32822, 14.575300000000002, 14.440600000000002, 9.797500000000001, 8.284370000000001, 5.52369, 5.2718799999999995, 4.1291, 5.413760000000001, 2.96532, 8.34339, 5.48801, 8.13301, 6.060830000000001, 5.860790000000001, 7.617050000000001, 3.49887, 7.4219, 4.548430000000001, 5.5456, 1.8408200000000001, 2.0526300000000006, 2.15674, 4.547000000000001, 4.4123, 0.5278399999999999, 0.5278399999999999, -0.13960000000000017]

[Epoch 98/100]
P1 Score : 18, AI score : 30
Move History : [4, 10, 3, 7, 0, 10, 5, 6, 4, 6, 1, 6, 0, 7, 0, 8, 0, 9, 0, 10, 0, 6, 1, 11, 5, 8, 2, 6, 5, 11, 4, 9, 4, 8, 1, 9, 2, 7, 2, 8, 5, 8, 3, 8, 0, 6, 4, 11, 3, 6, 5, 9, 2, 7, 0, 11, 4, 9, 0, 6, 5, 6, 1, 9, 3, 8, 5, 9, 0, 7, 4, 8, 1, 10, 0, 11, 1, 7, 3, 8, 4, 9, 2, 6, 0, 7, 4, 9, 1, 8, 3, 9, 2, 10, 5, 9, 2, 11, 2, 8, 4, 9, 5, 10]
Score Track : [7.111080000000001, 11.566230000000001, 9.599590000000003, 12.38215, 14.71339, 10.34345, 12.5496, 12.414900000000001, 12.2802, 9.298300000000001, 11.436750000000002, 11.22637, 5.85118, 7.75456, 6.112480000000001, 5.8235600000000005, 8.69796, 7.5703700000000005, 6.2157800000000005, 4.35179, 6.71508, 10.857980000000001, 8.07685, 10.646170000000001, 6.4690900000000005, 7.25515, 7.5267100000000005, 8.81137, 8.723220000000001, 9.010710000000001, 9.010710000000001, 8.75776, 3.76164, 7.0178, 8.571860000000001, 6.842, 6.842, 5.75598, 2.15674, 2.39034, -5.9064, 2.4179600000000003, 1.6326, -2.5692, 2.10288, -1.23432, -1.23432, 3.1290700000000005, 3.8387500000000006, 2.76304, 1.1333, 2.76304]

[Epoch 99/100]
P1 Score : 30, AI score : 18
Move History : [0, 11, 0, 6, 3, 6, 2, 6, 5, 11, 3, 6, 1, 10, 4, 8, 2, 11, 0, 10, 2, 7, 4, 6, 3, 11, 0, 6, 5, 8, 4, 6, 5, 6, 1, 6, 5, 11, 2, 8, 0, 10, 4, 6, 0, 7, 0, 8, 4, 11, 1, 10, 3, 6, 5, 6, 2, 9, 4, 9, 2, 6, 5, 6, 0, 10, 4, 7, 2, 8, 3, 8, 4, 10, 5, 6, 0, 8, 1, 7, 3, 11, 4, 8, 3, 10, 2, 11, 4, 6, 1, 7, 2, 9, 1, 8, 3, 9, 4, 10, 2, 11]
Score Track : [13.079360000000001, 12.44393, 8.072560000000001, 7.78507, 9.721820000000001, 8.37598, 9.08782, 10.21969, 6.92187, 7.49758, 7.99688, 10.10401, 7.78793, 4.32196, 8.50709, 8.26103, 8.80839, 7.44755, 5.25811, 4.7588099999999995, 4.47132, 4.9430000000000005, 4.808300000000001, 3.21436, 3.183850000000001, 3.3970400000000005, 4.18383, 4.42989, 4.02151, 4.70265, 4.99014, 5.83452, 5.69982, 5.75884, 8.28673, 5.96922, 5.54703, 6.33382, 6.12344, 5.625570000000001, 3.1975999999999996, -0.8405600000000002, -0.8405600000000002, -2.0553600000000003, 1.05619, 1.95434, -4.72512, -3.39024, -2.7228, -2.7228, -3.54384]

[Epoch 100/100]
P1 Score : 22, AI score : 26
Move History : [2, 10, 1, 6, 5, 10, 0, 6, 4, 11, 0, 9, 5, 8, 0, 10, 2, 6, 1, 11, 3, 7, 1, 11, 5, 10, 0, 6, 4, 11, 0, 6, 1, 6, 5, 9, 2, 7, 3, 10, 5, 7, 0, 11, 2, 9, 1, 6, 4, 6, 3, 10, 5, 9, 2, 11, 1, 8, 2, 6, 3, 9, 1, 6, 2, 8, 5, 10, 3, 6, 0, 7, 2, 9, 0, 10, 0, 11, 0, 8, 2, 9, 4, 9, 1, 10, 4, 11]
Score Track : [7.111080000000001, 7.2734000000000005, 8.34768, 7.171530000000001, 8.65419, 8.78224, 7.103090000000001, 11.083590000000001, 7.98165, 6.12201, 8.02828, 4.49084, 4.61458, 10.49195, 6.44518, 7.57469, 8.403789999999999, 8.403789999999999, 7.91117, 5.698390000000001, 5.954560000000001, 9.70516, 6.288600000000001, 4.62411, 5.410900000000001, 5.410900000000001, 6.12201, 6.12201, 5.17147, 4.86064, 3.4922400000000002, 4.70122, 3.17856, 4.2790300000000006, 3.6283700000000003, 3.67786, -7.84168, -9.844, 6.103190000000001, 1.2448599999999996, 0.16984999999999983, 1.8198400000000001, -2.9629600000000003, -2.17544]

P1 wins: 37, Tie :  4, Agent wins : 59