[Epoch  1/100]
P1 Score : 12, AI score : 22
Move History : [2, 8, 3, 8, 5, 6, 0, 7, 4, 8, 3, 6, 1, 6, 5, 8, 2, 7, 4, 9, 2, 6, 3, 6, 0, 7, 4, 11, 3, 6, 5, 6, 4, 9, 2, 8, 3, 7, 2, 11, 1, 8, 2, 9, 4, 6, 5, 6, 3, 6, 5, 10]
Score Track : [10.52406, 10.170689999999999, 13.890170000000001, 14.2994, 14.53595, 11.48511, 30.51321, 26.498490000000004, 26.498490000000004, 15.80239, 17.1001, 14.34132, 18.50182, 14.34132, 4.835170000000001, 10.73743, 13.084600000000002, 12.56335, 7.47608, 7.94599, 4.9869699999999995, 23.471700000000002, 21.12453, 6.2914200000000005, 6.70065, 6.70065]

[Epoch  2/100]
P1 Score : 17, AI score : 31
Move History : [2, 6, 3, 8, 5, 11, 2, 10, 4, 6, 5, 9, 1, 9, 0, 9, 2, 10, 0, 7, 2, 6, 1, 9, 3, 10, 4, 6, 0, 7, 5, 9, 0, 8, 3, 10, 4, 7, 5, 6, 0, 11, 0, 8, 5, 7, 2, 6, 1, 8, 3, 11, 0, 6, 5, 7, 2, 9, 0, 10, 2, 8, 3, 9, 4, 11, 0, 6, 2, 7, 3, 10, 1, 6, 3, 10, 4, 11, 0, 6, 2, 8, 4, 11, 5, 6, 3, 7, 1, 10, 4, 9, 3, 11, 1, 8, 0, 10, 3, 11, 5, 7, 4, 6, 1, 9, 5, 6, 2, 11, 3, 10, 0, 6, 4, 6, 5, 11, 0, 6, 1, 7]
Score Track : [10.52406, 12.08884, 16.96839, 3.862600000000001, 5.94966, 6.114049999999999, 6.00685, 9.13065, 8.74119, 9.1039, 9.8665, 9.782560000000002, 10.553170000000001, 13.25127, 13.25127, 14.95236, 15.808239999999998, 13.670779999999999, 14.36227, 14.691049999999999, 12.55359, 6.92705, 2.9834600000000004, 6.18422, 6.21815, 6.68806, 4.92978, 5.09417, 5.97331, 5.60711, 3.50707, -12.2287, 4.221820000000001, -3.8199899999999993, -4.37584, -1.7684699999999998, 8.435970000000001, 10.0812, 7.84708, 7.65358, 5.38686, 4.15949, 5.63519, 10.62415, 1.256470000000001, -2.7582499999999994, -9.449449999999999, -9.449449999999999, -9.449449999999999, 2.92317, 3.66467, 0.23535000000000017, 0.02100000000000035, 2.2207000000000003, 3.74163, 2.86249, 3.57724, 3.57724, 3.57724, 5.14742, 5.14742]

[Epoch  3/100]
P1 Score : 21, AI score : 27
Move History : [4, 7, 1, 8, 4, 6, 1, 9, 5, 9, 0, 11, 4, 10, 2, 6, 3, 11, 2, 6, 5, 6, 4, 7, 5, 11, 2, 10, 2, 11, 0, 7, 5, 9, 0, 10, 1, 7, 0, 6, 2, 8, 2, 11, 4, 10, 1, 9, 2, 6, 4, 6, 5, 6, 3, 10, 4, 6, 1, 8, 2, 11, 5, 6, 0, 9, 0, 7, 2, 8, 1, 11, 1, 9, 4, 10, 3, 11, 0, 7, 4, 6, 5, 8, 2, 10, 1, 11, 0, 6, 2, 9, 4, 10, 5, 11, 3, 7, 4, 10, 0, 9, 5, 7, 1, 8, 2, 9, 3, 6, 4, 7, 5]
Score Track : [10.52406, 11.30645, 13.304770000000001, 13.304770000000001, 10.177480000000001, 12.513259999999999, 2.7587800000000002, 7.10078, 8.27261, 5.63519, 10.59067, 12.155450000000002, 8.63748, 8.218910000000001, 9.387270000000001, 5.83218, -16.6755, 5.17462, 5.88937, 5.88937, 5.88937, 5.6643, 4.07041, 5.83218, 8.81016, 10.374939999999999, 8.192160000000001, 8.27261, 11.17014, 12.81537, 12.81537, 3.88625, 4.35616, 5.0709100000000005, 5.0709100000000005, 3.90602, 0.9555899999999999, 2.30464, 3.41285, 2.59439, 1.1042100000000001, 3.90602, 3.41634, 3.57724, 2.5372000000000003, 2.0638, 3.9667000000000003, 5.15136, 2.0638, -0.6586199999999998, -3.3350999999999997, 2.86249, 4.69434, 4.69434, 4.69434, 4.69434]

[Epoch  4/100]
P1 Score : 38, AI score : 10
Move History : [4, 7, 3, 6, 5, 6, 0, 9, 5, 8, 2, 6, 4, 7, 5, 11, 4, 6, 5, 8, 2, 10, 5, 9, 0, 6, 2, 8, 5, 7, 0, 6, 1, 6, 5, 6, 3, 11, 1, 6, 3, 7, 2, 6, 3, 8, 0, 10, 2, 7, 5, 9, 3, 11, 2, 10, 0, 8, 3, 11, 2, 6, 1, 9, 4]
Score Track : [10.52406, 11.546490000000002, 13.24758, 13.90514, 14.955850000000002, 14.15716, 15.72194, 14.569880000000001, 7.47957, 7.7327, 7.94599, 8.08363, 7.342130000000001, 7.26168, 8.192160000000001, 8.30521, 10.617339999999999, 11.496480000000002, 11.238810000000003, 8.31114, 5.38686, 4.39919, 7.734030000000001, 6.16925, 4.701219999999999, 4.92629, 4.92629, 0.9323300000000003, -0.6961899999999996, -1.0249699999999993, 0.4624200000000003, 2.12448]

[Epoch  5/100]
P1 Score : 30, AI score : 18
Move History : [1, 6, 2, 10, 4, 6, 2, 8, 3, 6, 4, 10, 0, 11, 4, 9, 0, 11, 1, 10, 2, 6, 5, 6, 1, 7, 5, 8, 0, 9, 2, 6, 5, 11, 2, 10, 5, 7, 4, 6, 5, 9, 3, 9, 0, 6, 4, 11, 1, 8, 3, 6, 5, 11, 2, 7, 0, 11, 4, 9, 1, 10, 4, 6, 3, 6, 4, 10, 5, 8, 2, 9, 4, 11, 3, 10, 1, 11]
Score Track : [8.08014, 11.2097, 9.8665, 8.87883, 11.35535, 8.411710000000001, 12.21123, 5.83567, -0.26051999999999875, -0.5550599999999997, 4.29548, 4.856119999999999, 10.42384, 0.46991000000000005, -0.6417899999999999, 9.795390000000001, 10.67453, 5.39969, 2.12927, 4.62077, 4.78516, 7.651140000000001, 7.7583400000000005, 7.28843, 4.8690999999999995, 4.31874, 5.587339999999999, 6.29275, 7.07514, 3.8488300000000004, 19.55975, 4.62077, 4.62077, 4.701219999999999, 10.455390000000001, 2.8170800000000003, 2.8170800000000003, -6.11435, -2.0996299999999994]

[Epoch  6/100]
P1 Score : 25, AI score : 23
Move History : [3, 11, 1, 6, 5, 6, 4, 7, 4, 11, 1, 8, 0, 9, 5, 11, 3, 6, 2, 8, 5, 6, 1, 7, 0, 10, 2, 8, 1, 9, 3, 8, 1, 11, 5, 6, 1, 7, 3, 10, 4, 7, 5, 9, 3, 7, 0, 6, 1, 11, 2, 9, 0, 6, 1, 10, 3, 11, 5, 8, 5, 7, 1, 9, 3, 8, 2, 9, 4, 6, 3, 11, 2, 9, 0, 7, 4, 8, 5, 9, 3, 6, 1, 11, 4, 7, 3, 10, 0, 9, 3, 8, 2, 9, 1, 10, 3, 11]
Score Track : [8.95928, 5.85544, 5.30508, 6.516489999999999, 4.893460000000001, 7.8316099999999995, 7.58328, 8.87298, 8.25151, 10.225520000000001, 12.02233, 6.757840000000001, 10.502960000000002, 8.38915, 7.25819, 10.04023, 9.01996, 3.8125900000000006, 4.701219999999999, -17.23135, 3.932070000000001, 3.54061, 4.396490000000001, 5.30438, 15.998110000000002, 12.937840000000001, 9.190280000000001, 8.61317, 5.580360000000001, 13.30063, 6.95164, -0.5348499999999996, -7.226049999999999, -7.226049999999999, 10.17107, 10.17107, 7.49459, 3.58073, 0.8033900000000007, 2.72485, 4.154350000000001, 7.49459, 2.53371, 2.53371, 3.6379200000000003, 3.2286900000000003, -2.3261699999999994, -2.3261699999999994, -5.002649999999999]

[Epoch  7/100]
P1 Score : 32, AI score : 16
Move History : [1, 7, 5, 7, 3, 9, 5, 8, 2, 6, 1, 10, 3, 7, 0, 10, 1, 7, 5, 7, 3, 8, 2, 9, 4, 11, 4, 8, 5, 9, 1, 10, 3, 6, 5, 6, 2, 7, 4, 9, 1, 8, 0, 11, 5, 9, 2, 7, 4, 8, 5, 6, 1, 10, 3, 9, 4, 7, 5, 8, 1, 7, 0, 6, 2, 8, 4, 7, 5, 9, 3, 11, 4, 8, 1, 9, 3, 6, 0, 7, 5, 10, 1, 8, 0, 6, 4, 6, 5, 11, 2, 9, 5]
Score Track : [8.08014, 9.593580000000001, 10.33508, 13.990410000000002, 12.00942, 12.48282, 11.60099, 13.96951, 12.21802, 12.87558, 13.59582, 16.16028, 27.38365, 8.31114, 7.33628, 8.308700000000002, 7.119349999999999, 4.7721800000000005, 6.4595, 0.46991000000000005, -5.99058, -5.99058, 3.50028, 2.0598, -8.8936, 2.31213, 2.0638, 3.90602, 4.94955, 4.94955, 4.2348, 5.11394, 8.61317, 3.82208, 4.39919, 4.56358, 1.62064, 2.39607, 2.39607, 3.33589, 3.19476, 3.6986, 2.44577, 1.97586, -0.7613899999999996, 1.8189600000000001]

[Epoch  8/100]
P1 Score : 17, AI score : 31
Move History : [5, 11, 0, 10, 4, 11, 3, 6, 1, 11, 4, 10, 5, 6, 2, 8, 5, 11, 2, 10, 3, 9, 4, 6, 3, 7, 5, 8, 3, 6, 4, 10, 1, 9, 1, 10, 0, 8, 2, 6, 5, 9, 1, 6, 4, 11, 4, 10, 3, 6, 4, 7, 5, 11]
Score Track : [8.95928, 8.011770000000002, 6.066780000000001, 5.72498, 6.795260000000001, 7.7583400000000005, 6.7771, 7.58328, 8.35522, 28.166040000000002, 28.166040000000002, 10.259450000000001, 22.360000000000003, 18.77736, 8.08014, 9.64492, 8.69118, 8.607240000000001, 8.515810000000002, 7.654440000000001, 7.81883, 7.391820000000001, 10.0683, 5.78566, 4.62077, 2.0388600000000014, 4.45638]

[Epoch  9/100]
P1 Score : 30, AI score : 18
Move History : [5, 6, 2, 7, 4, 7, 3, 6, 4, 9, 5, 7, 2, 9, 0, 8, 5, 9, 4, 11, 4, 7, 2, 6, 4, 10, 1, 7, 3, 10, 1, 11, 1, 6, 4, 6, 5, 7, 0, 11, 4, 8, 1, 9, 2, 6, 1, 11, 0, 10, 4, 7, 5, 9, 2, 11, 3, 8, 5]
Score Track : [8.95928, 12.08884, 13.24758, 11.898530000000001, 11.791329999999999, 12.52934, 14.126720000000002, 14.569880000000001, 13.080330000000002, 14.569880000000001, 5.647630000000001, 5.18321, 8.04889, 3.90602, 4.5403199999999995, 4.92629, 4.67427, 4.20436, 6.16096, 7.643960000000001, 4.73146, 6.7380700000000004, 5.4427200000000004, 5.17113, 4.29199, 4.10783, 5.97331, 5.8089200000000005, 4.2348]

[Epoch 10/100]
P1 Score : 11, AI score : 37
Move History : [4, 6, 5, 10, 0, 6, 1, 11, 4, 7, 1, 11, 4, 6, 2, 7, 3, 8, 4, 10, 5, 6, 0, 9, 5, 7, 2, 9, 4, 11, 1, 6, 2, 10, 3, 6, 2, 7, 3, 8, 1, 9, 3, 11, 5, 7, 3, 8, 1, 6, 2, 7, 0, 10, 4, 11]
Score Track : [10.52406, 10.688450000000001, 13.90514, 34.878240000000005, 7.53676, 4.95304, 6.08051, 5.774990000000001, 7.75928, 6.36438, 12.98857, 11.32102, 9.096919999999999, 1.8796400000000002, 9.83842, 3.6844400000000004, 3.41285, 6.34994, 8.62729, -8.769829999999999, -12.78455, -8.769829999999999, 0.39974, 2.7015900000000004, 2.7015900000000004, 2.31213, 4.84933, 1.483010000000001]

[Epoch 11/100]
P1 Score : 33, AI score : 15
Move History : [2, 11, 4, 8, 1, 6, 4, 11, 3, 9, 3, 10, 1, 8, 3, 6, 5, 7, 4, 7, 5, 7, 3, 8, 2, 10, 0, 10, 1, 8, 3, 6, 2, 9, 0, 8, 1, 6, 4, 10, 1, 6, 0, 7, 5, 7, 0, 9, 3, 8, 4, 10, 0, 9, 1, 11, 5, 10, 2, 11, 4]
Score Track : [10.52406, 6.26816, 8.695780000000001, 11.210659999999999, 3.862600000000001, 5.916119999999999, 5.8089200000000005, 1.4874800000000006, 10.724540000000001, 13.14038, 13.469160000000002, 12.425630000000002, 11.70739, 12.811600000000002, 13.288300000000001, 12.47933, 12.34887, 15.39901, 16.385350000000003, 14.35548, 10.12747, 10.59738, 15.784980000000001, 15.39901, 13.874589999999998, 4.86111, 14.260559999999998, 18.448050000000002, -4.323029999999999, 4.02738]

[Epoch 12/100]
P1 Score : 25, AI score : 23
Move History : [2, 6, 5, 6, 0, 7, 3, 11, 1, 6, 4, 8, 3, 7, 0, 9, 4, 10, 3, 7, 5, 8, 0, 9, 1, 10, 1, 6, 3, 8, 0, 9, 2, 6, 3, 10, 5, 6, 4, 7, 2, 6, 3, 9, 1, 11, 2, 7, 3, 9, 5, 11, 0, 10, 0, 9, 4, 8, 1, 9, 3, 6, 5, 6, 0, 10, 4, 6, 0, 11, 0, 9, 5, 6, 1, 10, 2, 7, 1, 8, 0, 9, 2, 10, 3, 11]
Score Track : [10.52406, 10.688450000000001, 10.722380000000001, 11.09984, 5.55341, 8.27477, 7.20449, 4.260850000000001, 3.90332, 3.3549599999999997, 10.78173, 12.154040000000002, 12.29168, 12.67765, 13.3924, 11.65738, 12.14706, 13.29912, 19.55975, 19.55975, 13.57656, 17.40457, 17.994970000000002, 14.86541, 14.86541, 14.86541, 5.08483, 3.57724, 6.25319, 4.07041, 4.2348, 4.94955, 10.17795, 6.9003, 7.1451400000000005, 4.36503, 4.36503, 4.36503, 3.82208, -2.3261699999999994, -2.3261699999999994, -0.9879299999999995, -5.002649999999999]

[Epoch 13/100]
P1 Score : 24, AI score : 24
Move History : [2, 11, 3, 10, 5, 7, 1, 11, 0, 10, 5, 9, 0, 8, 1, 6, 1, 10, 5, 8, 0, 9, 1, 10, 3, 10, 0, 7, 4, 10, 3, 6, 1, 7, 2, 8, 5, 9, 1, 6, 4, 10, 5, 6, 2, 8, 0, 6, 2, 9, 3, 6, 5, 9, 4, 11, 0, 7, 2, 6, 4, 11, 1, 8, 5, 6, 4, 9, 5, 6, 0, 7, 3, 10, 3, 7, 2, 11, 2, 6, 0, 7, 4, 8, 5, 7, 3, 8, 4, 9, 0, 11, 0, 10, 0, 6, 2, 7, 1, 9, 5, 6, 3, 7, 5, 6, 4, 8, 1, 6, 2, 7, 3, 8, 4, 11, 2, 9, 5, 11, 3, 6, 4, 7, 5, 6, 0, 8, 4, 7, 5, 7, 2, 8, 1, 10, 0, 11, 4, 6, 0, 7, 5, 9, 2, 8, 1, 9, 0, 6, 3, 9, 1, 6, 2, 10, 0, 7, 3, 8, 4, 11, 0, 10, 5, 8, 1, 9, 2, 11, 3, 10, 4, 11]
Score Track : [10.52406, 6.26816, 6.90246, 9.40357, 12.034110000000002, 5.99657, 6.341120000000001, 9.90259, 5.580360000000001, 8.28195, 7.976430000000001, 8.83231, 11.9629, 11.65738, 11.818280000000001, 12.53303, 14.17826, 15.92373, 15.25439, 17.48607, 18.20082, 19.63032, 16.92873, 16.049590000000002, 17.69482, 18.98668, 17.25751, 19.15107, 4.7082, 5.67128, 5.83567, 3.41285, 14.86541, 12.18893, 6.30209, 6.466480000000001, 5.99657, 5.33552, 5.33552, 2.5372000000000003, 4.84933, 1.1984300000000006, 4.84933, 3.90951, 1.74879, 5.8089200000000005, 5.09417, 5.4801400000000005, 4.37593, 4.62077, 4.94955, 8.61317, 4.94955, 4.94955, 4.94955, 8.276980000000002, 1.5857800000000002, 10.95346, 5.6005, 4.29548, 2.94643, 4.410970000000001, 3.11082, 1.99912, 3.6285800000000004, 3.19476, 3.90951, 10.95346, 1.5844, 1.65457, 2.0638, 0.8696500000000005, 4.02738, 2.2758900000000004, -5.10542, 3.1912700000000003, 2.9240200000000005, 2.9240200000000005, 5.78566, -3.7671799999999998, 3.90602, 2.14774, -2.2234, -2.2234, 0.45308000000000015, -1.1117, -1.1117]

[Epoch 14/100]
P1 Score : 14, AI score : 34
Move History : [0, 6, 2, 6, 5, 11, 4, 6, 3, 9, 3, 11, 2, 6, 4, 8, 1, 6, 5, 6, 4, 10, 1, 8, 2, 7, 2, 8, 1, 9, 1, 6, 0, 7, 1, 10, 2, 11, 5, 6, 0, 8, 4, 6, 2, 11, 5, 7, 3, 7, 0, 11, 2, 10, 3, 6, 4, 8, 2, 6, 5, 7, 3, 6, 1, 7, 3, 6, 2, 7, 5, 11, 1, 10, 4, 11, 0, 8, 2, 6, 3, 7, 5, 10, 0, 8, 1, 9, 5, 11]
Score Track : [11.818080000000002, 12.404810000000001, 10.386420000000001, 6.92705, 8.16039, 4.79175, 6.68088, 7.56002, 6.5736799999999995, 7.452820000000001, 7.5144400000000005, 10.247580000000001, 10.12417, 7.58697, 6.70783, 9.959779999999999, 9.654259999999999, 9.34874, 10.89611, 5.4708, 5.38686, 4.62077, 7.0483899999999995, 4.2150300000000005, 5.6106, 4.08618, 4.34549, 4.31874, 9.109829999999999, 3.61427, 7.8387899999999995, 4.35228, 7.23842, 7.0740300000000005, 8.33329, 8.638810000000001, 4.43661, 5.15136, 6.619390000000001, 5.3157499999999995, 5.01023, 7.759670000000001, 8.47442, 16.43019, 5.580360000000001]

[Epoch 15/100]
P1 Score : 24, AI score : 24
Move History : [3, 9, 2, 10, 2, 7, 4, 8, 5, 8, 0, 9, 0, 6, 0, 7, 4, 9, 1, 9, 0, 6, 4, 7, 5, 6, 2, 7, 3, 8, 1, 9, 5, 6, 3, 11, 5, 8, 4, 10, 4, 6, 5, 7, 1, 6, 3, 6, 4, 6, 5, 9, 2, 6, 0, 10, 4, 8, 5]
Score Track : [8.95928, 9.84191, 10.06349, 10.15971, 15.252030000000001, 19.42512, 19.81109, 15.197199999999999, 15.52598, 16.15679, 16.32118, 16.66063, 18.668349999999997, 20.572580000000002, 16.35511, 16.825020000000002, 16.95548, 17.13054, 4.51706, 0.6031600000000004, 3.74163, 4.62077, 4.62077, 4.62077, 6.9679400000000005, 4.62077, 12.70581, 14.18665, 6.37905]

[Epoch 16/100]
P1 Score : 33, AI score : 15
Move History : [4, 11, 2, 8, 5, 6, 1, 7, 5, 8, 3, 6, 4, 9, 5, 6, 0, 8, 5, 11, 0, 10, 2, 9, 5, 7, 1, 8, 4, 6, 5, 11, 2, 6, 5, 8, 1, 6, 3, 11, 5, 8, 4, 9, 2, 6, 4, 6, 3, 11, 1, 7, 2, 8, 5, 10, 2, 6, 5, 8, 0, 9, 0, 7, 1, 8, 2, 6, 3, 10, 5, 11, 1, 8, 4]
Score Track : [10.52406, 6.103770000000001, 7.0668500000000005, 6.40929, 8.744679999999999, 2.3649300000000006, 3.8054100000000006, 6.019830000000001, 6.26467, 3.551590000000001, 2.1166000000000005, 5.97331, 5.4801400000000005, 7.39347, 7.201, 8.08014, 4.56358, 6.91075, 6.814, 6.45714, 5.91745, 5.88352, 7.23953, 4.89236, 6.79659, 5.91745, 4.04715, 4.17761, 4.62077, 5.49991, 6.93639, 5.326030000000001, 6.28012, 7.61836, 9.28591, -6.6701999999999995, 2.12448]

[Epoch 17/100]
P1 Score : 18, AI score : 30
Move History : [0, 9, 5, 9, 1, 11, 0, 7, 2, 7, 0, 11, 5, 9, 0, 6, 1, 8, 5, 6, 0, 7, 3, 9, 0, 6, 2, 6, 4, 6, 2, 8, 1, 7, 5, 10, 0, 6, 3, 6, 5, 8, 1, 6, 2, 11, 0, 10, 5, 6, 4, 7, 3, 6, 2, 8, 4, 9, 0, 8, 2, 6, 4, 7, 5, 6, 3, 8, 0, 10, 3, 6, 5, 7, 1, 11]
Score Track : [11.818080000000002, 10.00281, 14.83562, 5.7715000000000005, 8.283059999999999, 7.89013, 5.6106, 6.32535, 6.795260000000001, 9.13065, 8.82513, 9.23436, 7.6240000000000006, 7.16986, 11.546490000000002, 10.97656, 11.482320000000001, 12.69024, 14.48594, 13.167330000000002, 13.167330000000002, 15.202020000000001, 15.98441, 5.64453, 5.3157499999999995, 5.916119999999999, 6.81852, 8.8032, 7.759670000000001, 4.153650000000001, 3.6032900000000008, 7.651140000000001, 7.0366100000000005, 9.383780000000002, 7.0366100000000005, 7.342130000000001, 7.50652, 4.85177]

[Epoch 18/100]
P1 Score : 25, AI score : 23
Move History : [1, 8, 0, 7, 2, 7, 4, 11, 2, 10, 5, 9, 4, 10, 2, 6, 0, 6, 5, 11, 2, 6, 0, 7, 4, 8, 5, 6, 2, 11, 1, 9, 4, 6, 3, 11, 2, 6, 5, 6, 4, 8, 3, 9, 4, 6, 1, 11, 1, 7, 4, 11, 5, 9, 1, 6, 0, 6, 3, 9, 1, 10, 3, 6, 4, 9, 0, 10, 1, 8, 5, 8, 2, 8, 4, 7, 3, 11, 3, 6, 5, 7, 1, 10, 0, 6, 4, 6, 5, 9, 0, 7, 3, 11, 5, 9, 0, 8, 2, 9, 0, 6, 3, 7, 4, 9, 1, 8, 5, 6, 3, 9, 2, 8, 1, 9, 3, 11, 2, 7, 0, 8, 4, 11, 0, 7, 1, 8, 5, 10, 5, 9, 3, 11, 1, 8, 4, 7, 0, 8, 5, 10, 3, 6, 1, 7, 2, 11, 5, 9, 0, 8, 4, 6, 1, 7, 5, 10, 0, 11, 0, 9, 2, 6, 1, 7, 2, 10, 3, 8, 5, 9, 4, 7, 5]
Score Track : [8.08014, 8.244530000000001, 14.183910000000001, 11.98616, 11.961649999999999, 10.224990000000002, 10.009789999999999, 11.110510000000001, 10.80499, 7.8924900000000004, -4.008029999999999, -4.313549999999999, 6.21815, 5.83218, 5.83218, 4.39919, 10.066980000000001, 8.408919999999998, 7.15908, 6.705470000000001, 5.858930000000001, 6.40929, 6.95965, 3.29577, 4.02699, 4.02699, 5.563689999999999, 5.874700000000001, 7.315180000000001, 6.5808599999999995, 21.804150000000003, 5.49991, 7.06469, 7.22908, 7.17774, 13.475309999999999, 16.84386, 10.81677, 9.509640000000001, 5.17811, 5.83567, 5.79958, 5.926400000000001, 5.211650000000001, 6.60412, 6.70783, 9.24503, 4.97979, 1.730630000000001, 5.36576, 6.405800000000001, 4.250570000000001, 5.294100000000001, 6.100280000000001, 8.022950000000002, 13.130230000000001, 13.22698, 13.130230000000001, 19.55975, 5.651230000000001, 5.949260000000001, 5.55341, 4.838660000000001, 19.55975, 5.15136, 4.262260000000001, 3.74163, 1.5741200000000002, 1.9029, 2.3728100000000003, 2.7015900000000004, 3.88625, 5.37396, 5.37396, -5.5584999999999996, -1.5437799999999995, 3.3930800000000003, 7.8239, 3.80918, 4.10783, 2.0440300000000002, 2.2084200000000003, 6.25912, 6.25912, 6.25912, 4.69434, 4.69434]

[Epoch 19/100]
P1 Score : 19, AI score : 29
Move History : [4, 7, 2, 6, 3, 10, 5, 6, 0, 8, 2, 7, 1, 10, 3, 6, 4, 6, 2, 8, 5, 11, 0, 10, 0, 6, 3, 7, 4, 7, 1, 10, 0, 9, 3, 8, 1, 6, 4, 6, 2, 9, 5, 10, 0, 7, 1, 6, 3, 11, 0, 8, 2, 10, 5, 6, 4, 6, 1, 7, 2, 11, 0, 8, 3, 6, 1, 7, 5, 8, 2, 6, 3, 9]
Score Track : [10.52406, 12.425630000000002, 11.15703, 12.75092, 12.784849999999999, 14.321549999999998, 14.43593, 13.22801, 16.71546, 16.879849999999998, 16.3586, 6.852449999999999, 6.677390000000001, 9.024560000000001, 7.41889, 10.985980000000001, 10.13595, 10.170689999999999, 7.91575, 8.794889999999999, 12.755740000000001, 15.67304, 11.65389, 11.65389, 11.73434, 4.65101, -4.4258, 5.89286, 3.9899600000000004, 7.49459, 7.49459, -7.226049999999999, 1.65457, 2.0638, 7.49459, 7.49459, 7.49459]

[Epoch 20/100]
P1 Score : 31, AI score : 17
Move History : [1, 11, 1, 10, 0, 6, 4, 11, 3, 10, 5, 9, 1, 11, 2, 7, 4, 10, 5, 6, 1, 7, 2, 8, 2, 10, 5, 9, 4, 11, 1, 6, 5, 6, 0, 11, 2, 8, 1, 10, 4, 7, 5, 6, 2, 7, 3, 10, 4, 7, 5, 6, 1, 7, 2, 8, 4, 11, 0, 10, 1, 9, 1, 10, 2, 7, 3]
Score Track : [8.08014, 4.56358, 5.6643, 5.49991, 4.37593, 7.657570000000001, 9.74998, 6.93639, 7.6744, 9.06997, 12.06907, 12.154040000000002, 12.154040000000002, 12.5972, 12.761590000000002, 7.42956, 4.22531, 3.9197899999999994, -10.993229999999999, -9.65499, 5.117430000000001, 5.117430000000001, 7.380660000000001, 8.69711, 7.927530000000001, 9.24747, 5.580360000000001, -5.20819, -0.08176999999999968, -9.449449999999999, -6.77297, -8.33775, 6.33602]

[Epoch 21/100]
P1 Score : 36, AI score : 12
Move History : [0, 10, 0, 6, 3, 11, 0, 7, 4, 8, 3, 7, 5, 6, 4, 6, 5, 8, 1, 11, 3, 6, 0, 10, 1, 8, 4, 10, 0, 6, 2, 6, 5, 6, 0, 9, 4, 8, 5, 10, 0, 7, 3, 6, 0, 7, 5, 7, 4, 9, 0, 10, 3, 8, 2, 11, 3, 7, 5, 6, 2, 7, 4, 6, 5, 10, 3, 7, 1, 6, 0, 7, 3, 9, 2, 8, 3, 11, 0, 9, 5, 10, 3, 9, 0, 7, 1, 10, 4, 6, 0, 8, 3, 9, 5, 10, 0, 6, 2, 7, 1, 8, 4, 9, 5, 6, 2, 7, 0, 8, 1, 9, 2, 10, 3, 11, 4]
Score Track : [11.818080000000002, 11.092350000000003, 9.92585, 7.025429999999999, 5.88219, 5.774990000000001, 5.38902, 5.55341, 6.432550000000001, 9.84673, 8.08845, 10.095060000000002, 9.121310000000001, 11.331059999999999, 9.74396, 9.591220000000002, 8.82513, 9.78821, 11.274899999999999, 10.78173, 12.484150000000001, 9.303830000000001, 9.36102, 10.40455, 4.696720000000001, 12.37213, 12.92249, 13.08688, 4.23829, 3.90951, 3.90951, 3.90951, 4.0739, 4.62426, 4.62077, 4.701219999999999, 4.64003, -9.552219999999998, -8.440519999999998, -7.102279999999999, 5.01372, 2.7820400000000003, -4.652339999999999, 3.74163, 8.01147, 11.839480000000002, 7.927530000000001, 7.58697, 7.97294, 8.217780000000001, 1.4097300000000001, 1.1042100000000001, 8.13733, 8.217780000000001, 1.4097300000000001, 1.1042100000000001, 1.1042100000000001, 8.68769]

[Epoch 22/100]
P1 Score : 13, AI score : 35
Move History : [0, 7, 5, 7, 2, 11, 4, 11, 1, 10, 0, 6, 0, 7, 2, 8, 0, 9, 4, 10, 1, 11, 5, 8, 3, 9, 0, 6, 1, 11, 4, 10, 1, 6, 0, 7, 2, 9, 3, 6, 5, 6, 1, 7, 4, 9, 2, 6, 0, 10, 1, 7, 3, 7, 0, 8, 2, 11, 3, 7, 2, 9, 5, 11, 3, 10, 4, 8, 0, 6, 1, 7, 5, 11, 3, 6, 2, 9]
Score Track : [11.818080000000002, 13.90514, 12.918800000000001, 10.388580000000001, 8.28655, 5.83218, 7.10078, 5.99657, 6.8914800000000005, 3.1204, 9.586089999999999, 5.82869, 8.4159, 11.796150000000003, 8.08014, 3.6844400000000004, 3.74163, 5.38686, 9.57625, 6.8722199999999996, 8.794889999999999, 14.4769, 18.448050000000002, 11.4032, 11.13161, 13.105619999999998, 9.956290000000001, 9.956290000000001, 9.895610000000001, 3.0268800000000002, 4.59166, 4.07041, 3.1912700000000003, 6.38289, 4.29548, 5.044650000000001, 4.78516, 3.0268800000000002, 3.706410000000001]

[Epoch 23/100]
P1 Score : 24, AI score : 24
Move History : [3, 11, 1, 10, 4, 6, 0, 7, 5, 7, 0, 6, 1, 11, 5, 8, 5, 7, 2, 7, 4, 6, 0, 7, 5, 7, 1, 6, 2, 10, 3, 9, 4, 6, 5, 11, 4, 9, 2, 10, 4, 7, 0, 10, 1, 7, 5, 11, 1, 6, 3, 9, 4, 6, 0, 10, 5, 6, 2, 7, 0, 6, 3, 11, 4, 9, 5, 8, 0, 9, 1, 6, 5, 6, 4, 7, 2, 10, 3, 9, 0, 8, 2, 6, 1, 7, 4, 10, 0, 9, 3, 6, 2, 11, 0, 8, 2, 9, 5, 7, 3, 10, 2, 8, 5, 11, 1, 9, 5, 11, 2, 10, 4, 6, 5, 7, 0, 9, 1, 6, 3, 8, 4, 6, 5, 6, 2, 7, 3, 8, 4, 10, 0, 9, 1, 11, 1, 10, 0, 11]
Score Track : [8.95928, 5.85544, 9.53536, 7.39347, 8.24802, 10.2207, 10.254629999999999, 4.89585, 3.9899600000000004, 7.01684, 10.24315, 9.93763, 9.46076, 8.95559, 8.684000000000001, 8.996699999999999, 11.003309999999999, 11.66087, 6.55042, 6.795260000000001, 3.3190300000000006, 3.8122000000000007, 11.160520000000002, 27.054340000000003, 4.7886500000000005, 7.39696, 8.56532, 10.877450000000001, 9.74998, 16.791490000000003, 6.9329, 6.291110000000001, 5.0263100000000005, 8.67132, 2.86528, 9.738990000000001, 7.201, 6.92941, 6.92941, 8.65858, 8.13733, 7.250699999999999, 12.18893, 6.8359700000000005, 9.54706, 9.956290000000001, 9.096919999999999, 2.05431, -0.7119599999999999, 1.8450099999999998, -6.2171199999999995, -8.8936, 4.02738, 6.938739999999999, -3.9937199999999997, -5.5584999999999996, 4.10783, 4.272220000000001, 4.272220000000001, 7.8239, 3.5826400000000005, 6.25912, 4.69434, 4.69434, 4.69434, 4.69434, -0.6586199999999998, -0.6586199999999998, -2.2234, -2.2234]

[Epoch 24/100]
P1 Score : 38, AI score : 10
Move History : [5, 10, 1, 11, 1, 7, 4, 6, 5, 11, 0, 7, 5, 8, 2, 6, 5, 8, 1, 9, 1, 10, 1, 8, 3, 11, 0, 6, 5, 6, 2, 6, 5, 6, 1, 7, 4, 9, 0, 7, 5, 10, 3, 11, 5]
Score Track : [8.95928, 9.75797, 5.3622700000000005, 9.3183, 8.43916, 6.53975, 6.2448999999999995, 5.15136, 4.272220000000001, 4.272220000000001, 6.60761, 7.15797, 7.48675, 6.16445, 3.0268800000000002, 4.75605, 3.1912700000000003, 2.94294, 4.92044, 3.5393100000000004, -7.43159, 5.42295]

[Epoch 25/100]
P1 Score : 30, AI score : 18
Move History : [0, 6, 3, 8, 5, 6, 2, 10, 1, 6, 5, 6, 3, 6, 2, 9, 3, 8, 5, 7, 2, 6, 3, 11, 2, 10, 0, 11, 2, 8, 5, 6, 3, 8, 4, 10, 1, 6, 3, 7, 1, 10, 5, 9, 0, 10, 4, 6, 5, 6, 0, 8, 3, 9, 4, 10, 2, 11, 3, 6, 4, 6, 2, 9, 5, 6, 0, 9, 3, 7, 1, 9, 2, 8, 1, 11, 5, 6, 4, 9, 1, 7, 5, 10, 0, 8, 2, 9, 4, 11, 3, 7, 5, 9, 4, 7, 5, 10, 0, 6, 1, 7, 2, 8, 4, 9, 5, 11, 4, 10, 3]
Score Track : [11.818080000000002, 8.90558, 12.590019999999999, 11.9838, 10.452950000000001, 10.617339999999999, 10.78173, 9.922360000000001, 9.09292, 11.24815, 11.953560000000001, 9.976059999999999, 7.432, 1.730630000000001, 2.94294, 6.22164, 5.587339999999999, 12.97629, 11.343869999999999, 13.38552, 6.347910000000001, 11.382100000000001, 1.4097300000000001, 8.85208, 9.895610000000001, 9.976059999999999, 10.774750000000001, 12.67765, 11.65389, 5.30641, 3.74163, 3.82208, 2.77455, 3.40885, 2.9389399999999997, -10.56115, -10.56115, -10.56115, 2.31213, 3.5200500000000003, 4.84933, 2.53371, 2.594710000000001, -0.08176999999999968, 1.1984300000000006, 3.1912700000000003, 2.31213, 3.3556600000000003, 5.11394, 5.96982, 5.929810000000001, 5.929810000000001, 0.5768500000000003, 8.60629, 2.3728100000000003]

[Epoch 26/100]
P1 Score : 25, AI score : 23
Move History : [2, 8, 1, 6, 2, 8, 0, 11, 2, 10, 0, 7, 1, 10, 3, 6, 1, 7, 5, 6, 3, 7, 1, 9, 5, 7, 3, 8, 3, 10, 2, 6, 4, 6, 5, 9, 1, 10, 4, 11, 4, 6, 2, 7, 0, 8, 1, 9, 4, 7, 0, 11, 1, 6, 4, 7, 2, 6, 4, 8, 0, 10, 5, 8, 3, 6, 0, 10, 4, 6, 1, 6, 2, 7, 2, 9, 4, 6, 3, 7, 4, 10, 5, 6, 1, 10, 2, 9, 3, 11, 2, 6, 3, 9, 0, 6, 3, 10, 4, 9, 2, 6, 5, 6, 3, 7, 2, 11, 3, 9, 5, 7, 4, 10, 0, 6, 1, 7, 2, 8, 2, 10, 1, 6, 0, 11, 3, 9, 1, 10, 3, 6, 4, 6, 2, 7, 5, 9, 4, 10, 0, 11, 5, 8, 0, 7, 3, 8, 1, 9, 2, 10, 0, 11]
Score Track : [10.52406, 9.12367, 13.197570000000002, 9.42919, 5.719130000000001, 7.10078, 4.9869699999999995, 8.55354, 7.48326, 9.87584, 11.91749, 11.882450000000002, 9.68581, 0.9398200000000001, 1.7385100000000002, 9.39295, 14.23761, 14.402, 17.042910000000003, 20.04548, 7.21627, 8.087119999999999, 7.781599999999999, 8.308700000000002, 6.69834, 8.55354, 6.386030000000001, 6.386030000000001, 3.6844400000000004, 3.41285, 3.41285, 9.187840000000001, 7.436349999999999, 7.906260000000001, 7.090740000000002, 11.005749999999999, 8.14082, 7.25819, 11.224890000000002, 10.22439, 9.34525, 10.774750000000001, 10.8552, 14.8639, 14.470970000000001, 3.8255700000000004, 3.9899600000000004, 11.27631, 6.16925, 4.78516, 6.984240000000001, 11.66228, 15.87434, -1.5227799999999991, -2.7582499999999994, 9.28591, 13.30063, 4.84584, 4.84584, 5.4801400000000005, 4.45638, 5.17113, 5.580360000000001, 1.65457, -5.33196, 6.7122, 3.80918, 3.80918, 7.8239, 7.8239, 5.33552, 2.0638, 1.1771700000000003, -1.7703199999999997, -1.7703199999999997, -1.7703199999999997, -1.7703199999999997]

[Epoch 27/100]
P1 Score : 11, AI score : 37
Move History : [1, 10, 4, 8, 0, 6, 4, 7, 3, 11, 1, 7, 2, 7, 5, 7, 4, 11, 3, 6, 5, 8, 0, 6, 1, 10, 2, 6, 0, 8, 3, 7, 5, 8, 1, 6, 3, 9]
Score Track : [8.08014, 11.52803, 12.16233, 17.477860000000003, 15.06305, 4.76539, 12.16479, 7.89598, 8.684000000000001, 6.92572, 6.76133, 3.2618400000000003, 18.57182, 10.0392, 6.320130000000001, 8.07144, 9.40968, 14.76264, 10.74792]

[Epoch 28/100]
P1 Score : 25, AI score : 23
Move History : [5, 6, 3, 6, 5, 8, 0, 6, 5, 10, 2, 9, 2, 8, 3, 7, 4, 8, 2, 7, 3, 6, 4, 10, 1, 8, 0, 9, 2, 10, 4, 6, 3, 7, 5, 9, 4, 7, 1, 11, 4, 10, 5, 11, 3, 8, 0, 10, 2, 11, 5, 7, 4, 9, 3, 11, 4, 7, 0, 10, 5, 7, 0, 6, 4, 7, 2, 10, 1, 8, 4, 11, 5, 6, 2, 9, 4, 7, 5, 6, 3, 6, 4, 11, 5, 9, 0, 6, 1, 7, 2, 8, 3, 9, 4, 10, 5, 6, 0, 7, 2, 8, 3, 11, 1, 9, 0, 10, 4, 11]
Score Track : [8.95928, 12.08884, 11.30645, 13.576360000000001, 13.740750000000002, 12.56327, 12.29168, 12.784849999999999, 14.89517, 15.60992, 15.60992, 15.774310000000002, 18.35587, -0.6039599999999994, 17.37887, 18.83163, 18.526110000000003, 21.03418, 19.73054, 18.851399999999998, 6.74636, 7.22908, 9.23466, 6.772, 9.28007, 6.25319, 6.34994, 9.740639999999999, 4.07041, 4.07041, 3.90602, 4.601000000000001, 5.3157499999999995, -9.449449999999999, -9.449449999999999, -6.77297, 3.66467, 4.410970000000001, 2.69748, 2.69748, 5.47673, 5.47673, 1.9833500000000002, 0.96308, 1.18466, -2.7792499999999998, -2.7792499999999998, -2.7792499999999998, 1.65457, 2.53371, 2.53371, -2.7792499999999998, -2.7792499999999998, -2.7792499999999998, -2.7792499999999998]

[Epoch 29/100]
P1 Score : 34, AI score : 14
Move History : [2, 6, 3, 6, 0, 11, 5, 9, 4, 8, 2, 11, 0, 6, 5, 10, 5, 7, 5, 11, 2, 10, 3, 8, 5, 10, 0, 9, 1, 11, 3, 8, 1, 9, 2, 6, 4, 6, 5, 7, 0, 9, 2, 6, 4, 6, 1, 8, 5, 7, 3, 7, 4, 8, 0, 10, 0, 6, 1, 8, 3, 7, 4, 9, 1, 6, 5, 8, 2, 9, 3, 6, 0, 8, 5, 9, 4, 7, 5, 6, 1, 7, 2, 10, 0, 11, 4, 9, 5]
Score Track : [10.52406, 12.08884, 11.81725, 5.60711, 9.15873, 11.36477, 5.69454, 6.02332, 5.99657, -18.898899999999998, -16.22242, 5.446210000000001, -9.984299999999998, 8.883650000000001, 5.65681, -9.325679999999998, -7.987439999999999, 2.6176500000000003, 4.39919, 6.32186, 7.88664, 6.48625, 7.3653900000000005, 7.3993199999999995, 7.52978, 7.52978, 8.408919999999998, 7.52978, 8.75186, 12.18893, 7.33864, 14.86541, 8.83231, 8.667919999999999, 8.13733, 8.30172, 8.217780000000001, 8.30172, 8.217780000000001, 8.46611, 8.217780000000001, 1.4097300000000001, 1.8796400000000002, 2.6981]

[Epoch 30/100]
P1 Score : 14, AI score : 34
Move History : [5, 9, 4, 6, 0, 9, 3, 7, 0, 6, 1, 8, 4, 10, 2, 6, 1, 7, 5, 7, 0, 10, 1, 11, 3, 9, 5, 8, 5, 11, 4, 11, 5, 10, 1, 8, 0, 7, 1, 10, 2, 8, 3, 11, 4, 9, 2, 6]
Score Track : [8.95928, 11.092350000000003, 11.585520000000002, 11.62694, 10.38988, 13.508190000000003, 12.254259999999999, 15.305729999999999, 16.62218, 17.13165, 14.784479999999999, 15.006060000000002, 5.446210000000001, 6.711320000000001, 8.85906, 6.734580000000001, 8.20261, 3.2015499999999997, 4.55609, 7.81553, 8.726220000000001, 5.49991, 2.9622, 3.500870000000001]

[Epoch 31/100]
P1 Score :  7, AI score : 41
Move History : [2, 10, 4, 9, 0, 11, 5, 11, 2, 9, 4, 6, 1, 6, 4, 7, 5, 6, 2, 9, 4, 6, 3, 11, 4, 7, 5]
Score Track : [10.52406, 10.0063, 10.22439, 12.2522, 6.67872, 5.27833, 8.47553, 4.29199, 5.446210000000001, 5.446210000000001, 8.55354, 8.71793, 17.892200000000003]

[Epoch 32/100]
P1 Score :  8, AI score : 40
Move History : [3, 8, 1, 6, 4, 8, 3, 9, 3, 7, 0, 6, 2, 10, 0, 6, 4, 8, 1, 9, 5, 11, 1, 9, 5, 6, 4, 9, 2, 6, 5, 11, 0, 7, 4, 9, 0, 8, 0, 6, 3, 9, 4, 7, 5, 6, 1, 11, 0, 9, 1, 11, 3, 8, 0, 9, 4, 11, 0, 7, 1, 10]
Score Track : [8.95928, 10.688450000000001, 12.984280000000002, 11.792660000000001, 9.922360000000001, 14.89866, 14.147820000000001, 11.73783, 12.06661, 14.329839999999999, 15.972629999999999, 6.714810000000001, 6.795260000000001, 7.28843, 7.28843, 10.20226, 10.30946, 7.82945, 9.655370000000001, 7.87233, 10.77106, 8.36201, 11.73065, 14.15827, 11.2306, 7.57979, 6.70065, 6.70065, 7.334950000000001, 6.92572, 22.689310000000003]

[Epoch 33/100]
P1 Score : 20, AI score : 28
Move History : [3, 8, 0, 6, 2, 9, 2, 8, 4, 7, 2, 6, 1, 11, 2, 6, 4, 6, 5, 10, 1, 9, 3, 11, 5, 6, 1, 9, 2, 8, 4, 6, 1, 11, 2, 8, 3, 7, 3, 11, 5, 6, 4, 6, 5, 6, 0, 10, 0, 6, 1, 8, 2, 7, 3, 11, 1, 10, 2, 8, 3, 9, 0, 6, 4, 11]
Score Track : [8.95928, 11.313930000000003, 9.70078, 12.755740000000001, 13.442409999999999, 12.892050000000001, 12.254259999999999, 5.22114, 9.91548, 8.61184, 6.68806, 7.6744, 5.530150000000001, 4.848939999999999, 7.28843, 6.131150000000002, 8.90907, 5.30508, 6.2448999999999995, 6.677390000000001, 6.84178, 5.083500000000001, 5.96264, 5.99657, 6.43973, 6.1342099999999995, 5.72498, 5.72498, 3.55747, 3.6379200000000003, 3.8023100000000003, 0.30282000000000053, 3.9434400000000003]

[Epoch 34/100]
P1 Score : 34, AI score : 14
Move History : [2, 6, 1, 7, 4, 8, 0, 9, 4, 6, 0, 11, 1, 10, 5, 6, 4, 9, 2, 6, 1, 8, 2, 10, 4, 11, 0, 7, 0, 9, 0, 8, 2, 10, 3, 8, 0, 10, 1, 6, 5, 11, 3, 7, 4, 10, 0, 7, 5, 6, 2, 9, 3, 7, 1, 11, 4, 8, 5]
Score Track : [10.52406, 12.59964, 11.158360000000002, 12.34169, 12.7044, 12.39888, 6.8792, 8.36589, 7.322360000000001, 10.51607, 11.93623, 11.839480000000002, 6.4595, 2.94294, -21.1223, 7.510009999999999, 7.34562, 8.38915, 6.7236, 10.5334, 12.877080000000001, 3.2642300000000004, 6.35928, 5.96982, 8.11038, 9.09242, 5.96982, -13.340399999999999, 2.92317]

[Epoch 35/100]
P1 Score : 14, AI score : 34
Move History : [4, 6, 2, 7, 4, 6, 5, 6, 1, 6, 0, 8, 3, 10, 3, 11, 3, 7, 5, 8, 2, 11, 4, 9, 2, 8, 4, 9, 1, 6, 4, 7, 3, 9, 2, 10, 0, 10, 4, 9, 5, 7, 1, 9, 2, 6, 4, 9, 5, 11, 5, 8, 2, 10, 4, 9, 0, 10, 3, 9, 0, 6, 2, 7, 1, 9, 2, 11, 5, 8, 4, 10, 4, 7, 2, 6, 4, 9, 5, 8, 0, 9, 3, 8, 1, 6, 4, 11, 2, 8, 1, 7, 4, 8, 0, 10]
Score Track : [10.52406, 12.87123, 12.425630000000002, 12.36495, 16.48218, 16.210590000000003, 15.1435, 15.6706, 7.92406, 6.612710000000001, 8.19083, 6.92572, 5.928400000000001, 4.482430000000001, 3.8481300000000007, 11.410180000000002, 9.92585, 10.08675, 10.059999999999999, 15.565840000000001, 13.0262, 13.41566, 15.009549999999999, 15.17394, 13.962530000000001, 4.0739, 3.8488300000000004, 4.62077, 7.731590000000001, 8.30521, 8.38566, 9.573810000000002, 20.34214, 20.34214, 5.8672200000000005, 17.21258, 4.78516, 7.75033, 4.701219999999999, 6.46299, 7.01684, 7.91575, 11.40654, 6.053580000000001, 0.7006200000000007, 4.715339999999999, -1.975859999999999, -1.975859999999999]

[Epoch 36/100]
P1 Score : 31, AI score : 17
Move History : [4, 6, 0, 11, 0, 7, 2, 8, 0, 11, 0, 6, 2, 10, 5, 6, 0, 10, 3, 9, 4, 6, 1, 7, 0, 9, 1, 8, 4, 11, 4, 6, 1, 7, 5, 6, 0, 9, 0, 7, 1, 10, 2, 6, 5, 10, 1, 9, 3, 10, 1, 9, 5, 10, 2, 11, 3, 7, 5, 8, 0, 9, 2, 6, 4, 11, 5, 6, 0, 7, 3, 6, 4, 9, 0, 8, 5, 11, 2, 10, 3, 9, 4, 11, 1, 8, 5]
Score Track : [10.52406, 10.25247, 4.29199, 8.851880000000001, 5.72808, 6.90246, 5.96264, 5.93938, 6.18422, 4.94685, 8.55354, 7.33864, 0.9398200000000001, 0.9398200000000001, 11.989650000000001, 4.872590000000001, 2.53371, 4.72797, 4.761900000000001, 6.11095, 5.805429999999999, 8.726220000000001, 6.37905, 7.0938, 10.74564, 11.296000000000001, 9.096919999999999, 9.976059999999999, 2.86249, 3.25195, 3.1995500000000003, 5.354780000000001, 7.979920000000001, 4.2150300000000005, 5.17811, 4.23829, 4.95304, 4.31874, 4.7082, 2.0388600000000014, 3.25195, -8.8936, 10.17107]

[Epoch 37/100]
P1 Score : 24, AI score : 24
Move History : [3, 6, 4, 7, 0, 9, 1, 6, 0, 11, 0, 10, 0, 11, 3, 7, 1, 9, 0, 6, 1, 7, 3, 8, 3, 10, 1, 6, 4, 6, 0, 10, 5, 6, 3, 7, 4, 10, 5, 8, 2, 8, 4, 9, 4, 6, 0, 10, 2, 7, 1, 11, 2, 8, 3, 6, 0, 7, 4, 7, 1, 6, 5, 6, 2, 7, 0, 8, 0, 11, 0, 10, 4, 9, 5, 10, 3, 11, 1, 6, 4, 9, 0, 6, 3, 10, 4, 7, 1, 8, 2, 11, 0, 9, 4, 11, 1, 10, 3, 11]
Score Track : [8.95928, 10.52406, 10.763570000000001, 10.06349, 12.375620000000001, 6.0465800000000005, 8.67252, 3.5677500000000006, 2.92317, 4.89585, 4.92978, 4.92978, 4.92978, 5.58385, 6.31437, 6.00885, 4.82349, 7.33864, 11.35535, 1.4097300000000001, 6.573980000000001, 11.003309999999999, 8.75865, 6.621190000000001, 6.14579, 12.325610000000001, 2.86249, 6.25319, 10.0812, 3.90602, 6.25319, 7.93102, 6.81932, 6.81932, 4.942060000000001, 4.37942, 3.489300000000001, -0.3941599999999994, 5.64453, 3.0268800000000002, 3.90602, 5.419460000000001, 7.0483899999999995, 7.1451400000000005, -8.8936, -8.8936, -3.7671799999999998, -1.0906999999999991, -7.781899999999999, -3.7671799999999998]

[Epoch 38/100]
P1 Score : 34, AI score : 14
Move History : [0, 6, 4, 6, 2, 6, 4, 8, 3, 11, 1, 9, 2, 7, 3, 6, 4, 10, 0, 11, 0, 6, 2, 7, 5, 7, 1, 8, 4, 10, 5]
Score Track : [11.818080000000002, 11.10333, 8.657250000000001, 7.80855, 10.7478, 6.49323, 2.4902900000000003, 4.89236, 4.31874, 4.20405, -1.1266799999999995, -1.1266799999999995, 1.6067800000000014, 5.20966, 4.94955]

[Epoch 39/100]
P1 Score : 21, AI score : 27
Move History : [5, 8, 4, 10, 5, 7, 0, 6, 0, 7, 4, 8, 2, 10, 3, 11, 3, 9, 4, 7, 3, 11, 1, 11, 0, 10, 4, 9, 1, 11, 2, 8, 5, 8, 0, 6, 1, 6, 3, 11, 4, 10, 4, 8, 5, 7, 0, 10, 3, 8, 2, 6, 3, 7, 4, 10, 5, 6, 0, 7, 1, 6, 5, 6, 4, 7, 2, 8, 1, 11, 3, 6, 1, 9, 0, 6, 4, 9, 3, 8, 1, 7, 5, 6, 4, 7, 3, 6, 4, 10, 2, 7, 0, 8, 4, 9, 5, 8, 3, 6, 0, 10, 3, 11, 5, 7, 0, 8, 4, 11, 0, 7, 1, 8, 2, 6, 5, 6, 3, 11, 4, 9, 5, 10, 3, 7, 4, 6, 5, 11, 2, 6, 3, 7, 1, 8, 0, 9, 1, 11, 2, 10, 4, 6, 3, 7, 5, 6, 4, 8, 5]
Score Track : [8.95928, 10.372110000000001, 14.126720000000002, 15.55622, 16.049390000000002, 13.00643, 13.63006, 14.83798, 7.41889, 9.383780000000002, 9.06997, 6.83429, 7.0109900000000005, 6.54693, 7.09729, 3.50707, 6.39282, 5.842459999999999, 6.15747, 8.08014, 4.72797, 4.62077, 7.52578, 8.90558, 9.78472, 10.58341, 10.828249999999999, 10.77106, 11.97898, 11.40187, 11.63412, 14.14568, 23.69875, 23.393230000000003, 13.424909999999999, 5.1907, 6.97143, 9.13065, 6.48625, 8.38915, 6.11095, 7.6744, 7.8387899999999995, 7.8387899999999995, 8.55354, 9.8665, 9.76975, 6.1110299999999995, 8.794889999999999, 8.630500000000001, 12.129730000000002, 9.096919999999999, 2.14025, 3.4321100000000007, 5.01372, 3.99345, 4.941880000000001, 11.63308, 5.044650000000001, 5.044650000000001, 0.5768500000000003, 3.4967900000000003, 4.69434, 4.69434, 4.69434, 2.28887, 2.0638, -0.6586199999999998, -0.6586199999999998, -0.6586199999999998, -0.6586199999999998, 3.12956, 3.12956, 3.12956, 3.12956]

[Epoch 40/100]
P1 Score : 41, AI score :  7
Move History : [5, 7, 3, 8, 5, 10, 3, 6, 1, 11, 4, 9, 0, 10, 2, 7, 3, 8, 4, 9, 1, 9, 2, 7, 5, 11, 5, 10, 0, 6, 3, 6, 4, 8, 5, 11, 0, 6, 3, 8, 2, 7, 0, 6, 4, 8, 2, 10, 5, 9, 4, 8, 5, 7, 3, 6, 1, 6, 2, 7, 0, 10, 5, 11, 3, 9, 5, 8, 4]
Score Track : [8.95928, 11.71088, 7.54834, 7.628789999999999, 12.86879, 4.35228, 6.81852, 11.48611, 8.33196, 9.2111, 14.53276, 12.34998, 17.45704, 4.990070000000001, 1.56624, 7.28843, 8.62947, 8.39943, 7.47957, 2.03066, 5.03698, 2.03815, 2.9172900000000013, 2.8920300000000005, 7.3116900000000005, 7.75485, 8.22476, 8.08363, 10.42731, 7.80855, 6.69685, 7.97294, 4.42727, 4.76539]

[Epoch 41/100]
P1 Score : 14, AI score : 34
Move History : [0, 7, 3, 10, 2, 7, 0, 9, 4, 7, 2, 8, 1, 8, 0, 7, 2, 10, 1, 8, 3, 7, 2, 9, 0, 6, 5, 6, 4, 8, 2, 10, 3, 6, 4, 7, 5, 6, 0, 7, 1, 6, 3, 7, 5, 11, 3, 9, 3, 6, 4, 10, 1, 7, 0, 8, 3, 10, 1, 11, 2, 6, 0, 7, 3, 8, 4, 8, 2, 7, 5, 10, 0, 6, 2, 11, 0, 9, 5, 10, 4, 8, 0, 11, 5, 9, 1, 6, 4, 11, 3, 8, 2, 10, 5, 6, 2, 11]
Score Track : [11.818080000000002, 11.15703, 12.201890000000002, 11.932459999999999, 13.63006, 14.099969999999999, 14.62707, 13.74793, 12.31145, 15.727790000000002, 14.21435, 12.53303, 13.57656, 16.385350000000003, 16.70715, 19.02277, 16.143810000000002, 18.49098, 19.432000000000002, 20.230690000000003, 30.96629, 20.00695, 20.782379999999996, 5.06024, 5.5034, 8.14431, 8.66207, 9.1039, 10.37145, 9.593580000000001, 3.0268800000000002, 6.85489, 4.37593, 4.92978, 4.509880000000001, 6.516489999999999, 4.35228, 6.90246, 5.16744, 7.5672, 1.4480600000000003, 6.06404, 4.62426, 5.11394, 3.3771000000000004, -0.30830999999999875, 7.7211300000000005, 7.7211300000000005, 3.82208]

[Epoch 42/100]
P1 Score :  4, AI score : 44
Move History : [0, 11, 1, 6, 4, 10, 1, 9, 2, 9, 0, 6, 5, 10, 3, 11, 0, 7, 2, 11, 1, 9, 2, 6, 3, 9, 4, 9, 0, 6, 5, 6, 2, 8, 1, 6, 2, 9, 5, 11, 3, 7, 2, 11, 3, 6, 4, 9, 0, 6, 1, 10, 5, 7, 0, 10, 2, 9, 1, 6, 2, 10, 4, 6, 3, 6, 4, 7, 5]
Score Track : [11.818080000000002, 7.0075, 5.60711, 5.49991, 7.58697, 7.751359999999999, 9.92585, 11.37861, 6.49323, 7.53676, 7.8888, 5.66779, 6.87571, 12.56224, 10.26039, 9.76146, 28.948430000000002, 8.7377, 10.09742, 26.60126, 4.89585, 5.54992, 4.67078, 8.22587, 6.92223, 9.807170000000001, 7.25819, 4.05672, 7.97294, 18.77736, 18.77736, 14.536100000000001, 15.6478, 15.6478]

[Epoch 43/100]
P1 Score : 24, AI score : 24
Move History : [5, 6, 4, 6, 2, 6, 0, 7, 1, 6, 3, 6, 0, 8, 4, 6, 1, 7, 2, 6, 0, 7, 5, 7, 4, 9, 5, 10, 4, 7, 0, 9, 5, 8, 3, 6, 0, 11, 0, 7, 5, 6, 4, 8, 0, 10, 0, 11, 3, 6, 5, 6, 2, 7, 5, 10, 3, 8, 4, 7, 1, 10, 4, 9, 1, 8, 4, 10, 5, 6, 3, 10, 4, 6, 5, 11, 4, 6, 0, 7, 5, 8, 3, 6, 1, 11, 1, 10, 2, 7, 5, 8, 4, 11, 0, 7, 5, 10, 3, 8, 0, 9, 1, 10, 0, 11]
Score Track : [8.95928, 12.08884, 15.218399999999999, 14.94681, 9.42919, 12.42214, 11.780350000000002, 11.47483, 12.15055, 12.784849999999999, 12.47933, 17.15144, 15.58666, 15.834990000000001, 11.817580000000001, 14.435230000000002, 17.42888, 15.643849999999999, 17.15729, -0.10130999999999979, -0.1927399999999997, 1.3888700000000007, 6.405800000000001, 6.79177, 3.042650000000001, 3.9217900000000006, 1.6144500000000006, 5.85544, -16.11965, 6.173240000000001, 7.013350000000001, 17.994970000000002, 6.060549999999999, 6.060549999999999, 13.753710000000002, 9.10041, 9.81516, 9.81516, 3.74163, 6.16925, 3.74163, 5.25856, 7.734030000000001, 5.97575, 10.0683, -2.2024, 12.51824, 3.05363, 2.9240200000000005, 2.69748, 2.69748, 2.2444, 2.2444]

[Epoch 44/100]
P1 Score : 25, AI score : 23
Move History : [4, 9, 5, 10, 3, 6, 1, 10, 4, 9, 3, 10, 0, 6, 3, 9, 4, 7, 2, 7, 4, 6, 1, 9, 3, 6, 4, 7, 5, 6, 3, 8, 0, 7, 2, 6, 5, 6, 4, 10, 4, 9, 0, 6, 1, 6, 3, 10, 5, 6, 4, 9, 2, 8, 4, 11, 2, 9, 5, 11, 1, 8, 4, 6, 2, 7, 1, 10, 4, 11, 3, 6, 2, 7, 3, 11, 5, 9, 1, 6, 2, 7, 0, 8, 0, 11, 4, 6, 0, 7, 1, 8, 5, 10, 0, 9, 1, 11, 0, 10, 3, 6, 4, 7, 5, 6, 1, 11, 3, 8, 0, 7, 2, 8, 4, 9, 5, 10, 1, 11]
Score Track : [10.52406, 12.697220000000002, 10.758080000000001, 11.35535, 12.39888, 13.11363, 15.834990000000001, 15.999380000000002, 16.16377, 15.530800000000001, 18.199790000000004, 19.31096, 17.259970000000003, 18.982180000000003, 15.502719999999998, 18.50049, 15.0356, 18.6368, 18.47241, 16.77132, 16.68738, 11.02917, 10.31584, 16.92873, 18.68701, 18.68701, 18.851399999999998, 17.97226, 4.62426, 5.27833, 4.39919, 7.7607800000000005, 7.79471, 7.489190000000001, 7.48675, 3.74163, 3.82208, -5.76404, 3.3324000000000003, 5.4708, 10.86359, 0.9271600000000007, -4.54957, 2.31213, 2.0638, -0.4320799999999996, 2.31213, 2.53371, 4.69434, 1.8796400000000002, 2.59439, 2.53371, 2.28887, 2.01786, 1.18466, 3.00362, -3.3350999999999997, 1.65457, -2.2234, -2.2234]

[Epoch 45/100]
P1 Score : 15, AI score : 33
Move History : [3, 6, 2, 11, 1, 9, 1, 11, 5, 6, 0, 7, 5, 8, 4, 9, 3, 10, 3, 6, 4, 6, 5, 6, 1, 11, 2, 9, 0, 10, 2, 11, 5, 8, 3, 6, 5, 7, 0, 10, 1, 8, 3, 6, 2, 11, 2, 8, 0, 10, 3, 11, 5, 10, 4, 6, 0, 9, 1, 11, 3, 6, 4, 8, 5, 6, 2, 11, 3, 6, 5, 8, 4, 9, 0, 11, 5, 6, 0, 7, 3, 8, 2, 9, 4, 10, 0, 6, 3, 11, 5, 6, 0, 9, 1, 10, 2, 9, 3, 6, 5, 8, 4, 8, 5]
Score Track : [8.95928, 10.52406, 6.6576200000000005, 5.3622700000000005, 7.0914399999999995, 7.33628, 2.39188, 10.667349999999999, 8.036719999999999, 10.243649999999999, 9.895610000000001, 11.460390000000002, 16.93712, 5.530150000000001, 6.55042, 5.354780000000001, 6.2448999999999995, 7.10078, 7.26517, 9.13065, 6.21466, 9.76146, 9.45594, 2.7820400000000003, 6.16445, 3.16801, 5.3157499999999995, 8.11756, 9.080639999999999, 7.33864, 4.5403199999999995, 4.5403199999999995, 6.22164, 5.117430000000001, 4.23829, 4.40268, 5.117430000000001, 5.66779, 4.543810000000001, 4.7082, 4.23829, 4.7082, 2.68512, -1.0339499999999995, 5.78566, -0.7407099999999995, 0.36350000000000016, 3.90602, 4.62077, 8.50352, 8.50352, 12.51824]

[Epoch 46/100]
P1 Score : 16, AI score : 32
Move History : [2, 8, 0, 6, 3, 6, 5, 8, 0, 10, 5, 7, 0, 8, 4, 6, 1, 9, 3, 6, 0, 7, 2, 6, 4, 8, 5, 6, 0, 8, 2, 10, 1, 7, 0, 10, 2, 11, 1, 6, 4, 9, 3, 10, 5, 8, 4, 6, 5, 11, 2, 9, 5, 11, 0, 7]
Score Track : [10.52406, 9.70078, 13.09148, 11.98616, 12.892050000000001, 14.974060000000001, 13.679760000000002, 15.388340000000001, 18.99499, 15.969140000000001, 14.85744, 17.06401, 19.575570000000003, 18.62982, 18.35823, 17.47909, 19.990650000000002, 17.807869999999998, 18.12916, 3.4967900000000003, 7.19301, 8.8615, 5.580360000000001, 7.06469, 5.49991, 5.2936, 4.76539, 5.843960000000001]

[Epoch 47/100]
P1 Score : 27, AI score : 21
Move History : [2, 10, 5, 6, 1, 6, 4, 9, 2, 6, 4, 6, 0, 8, 2, 9, 3, 11, 1, 6, 0, 7, 0, 6, 2, 6, 4, 8, 0, 11, 2, 6, 0, 7, 5, 9, 0, 10, 1, 6, 4, 9, 5, 10, 0, 11, 0, 7, 0, 11, 0, 10, 5, 6, 3, 7, 1, 11, 4, 10, 1, 8, 1, 7, 2, 6, 1, 7, 0, 10, 5, 10, 0, 6, 4, 6, 5, 11, 3, 6, 2, 7, 5, 7, 3, 11, 0, 8, 3, 9, 5, 7, 0, 11, 3, 8, 0, 9, 4, 8, 0, 7, 2, 9, 1, 6, 5, 9, 3, 8, 0, 6, 1, 7, 5, 8, 4, 6, 2, 10, 4, 9, 3, 11, 5, 6, 1, 8, 0, 7, 2, 8, 1, 9, 5, 6, 2, 11, 1, 10, 0, 7, 1, 8, 3, 6, 5, 7, 2, 11, 3, 8, 4]
Score Track : [10.52406, 10.170689999999999, 9.922360000000001, 12.10514, 10.5334, 10.69779, 10.86218, 9.64328, 13.419150000000002, 6.00006, 6.6576200000000005, 8.35871, 8.63992, 5.742389999999999, 5.234909999999999, 6.82201, 6.986400000000001, 8.851880000000001, 8.60355, 8.30172, 9.8665, 11.519739999999999, 9.895610000000001, 7.65358, 7.23124, 5.076009999999999, 5.955150000000001, 7.8888, 7.040100000000001, 6.08051, 6.63087, 6.63087, 6.60412, 6.2986, 7.0740300000000005, 7.95317, 8.667919999999999, 8.83231, 9.71145, 5.3157499999999995, 10.48696, 6.194890000000001, 5.3157499999999995, 6.00139, 4.89585, 5.39969, 7.10078, 3.19476, 5.50689, 2.90501, 3.4553700000000003, 1.79331, 15.31849, 12.64201, 5.38553, 5.38553, 8.14564, 17.994970000000002, 15.31849, 15.31849, 8.80667, 13.30063, 3.90602, 5.38686, 3.82208, 2.3681700000000006, 3.706410000000001, 5.01023, 3.82208, 3.1715, -2.655479999999999, -2.655479999999999, 1.1327000000000003, 2.4709400000000006, 5.14742, 2.6981]

[Epoch 48/100]
P1 Score : 39, AI score :  9
Move History : [5, 10, 0, 9, 2, 10, 5, 9, 4, 8, 3, 11, 0, 6, 1, 6, 3, 7, 5, 6, 4]
Score Track : [8.95928, 12.300270000000001, 11.708720000000001, 10.939139999999998, 14.068699999999998, 20.14469, 10.99643, 0.3083100000000001, -1.8291499999999994, -4.652339999999999]

[Epoch 49/100]
P1 Score : 25, AI score : 23
Move History : [1, 11, 2, 6, 3, 8, 1, 7, 1, 6, 3, 10, 5, 10, 3, 8, 1, 7, 4, 6, 2, 10, 4, 11, 0, 11, 3, 6, 4, 6, 0, 10, 5, 8, 1, 9, 4, 8, 5, 9, 0, 10, 4, 6, 5, 7, 0, 11, 2, 9, 1, 6, 0, 7, 1, 8, 2, 11, 4, 6, 5, 10, 3, 11, 1, 9, 4, 10, 2, 11]
Score Track : [8.08014, 7.789890000000001, 11.083839999999999, 6.348610000000001, 6.341120000000001, 7.55653, 11.101170000000002, 11.815920000000002, 10.579920000000001, 9.17098, 9.24115, 12.83137, 6.35928, 4.86192, 4.86192, 4.91911, 5.98939, 10.963830000000002, 8.51642, 5.27833, 6.3825400000000005, 5.49991, 6.37905, 7.25819, 3.8023100000000003, 3.08756, 0.9501000000000004, 1.9150900000000006, 1.9150900000000006, 3.55747, 2.14774, -3.8909499999999997, -2.2234, -2.2234, -2.2234]

[Epoch 50/100]
P1 Score : 26, AI score : 22
Move History : [1, 11, 3, 6, 5, 10, 0, 9, 0, 7, 1, 6, 4, 9, 5, 6, 0, 7, 1, 8, 1, 9, 2, 11, 2, 6, 4, 6, 0, 9, 3, 6, 2, 7, 5, 10, 2, 9, 4, 7, 3, 8, 4, 9, 0, 6, 2, 7, 1, 10, 5, 6, 1, 7, 2, 10, 3, 8, 4, 11, 0, 10, 3, 6, 4, 6, 2, 11, 1, 7, 3, 9, 2, 10, 3, 8, 4, 8, 5]
Score Track : [8.08014, 9.35467, 6.7626599999999994, 6.82919, 9.40942, 8.01147, 8.14082, 9.654259999999999, 10.079260000000001, 5.947469999999999, 11.84852, 10.61036, 4.0132200000000005, 5.89286, 5.587339999999999, 4.73146, 5.201370000000001, 4.838660000000001, 6.386030000000001, 7.23842, 6.137700000000001, -2.634479999999999, 2.7184800000000013, 5.73526, 7.7418700000000005, 10.64889, 15.259290000000002, 6.88646, 17.21258, 12.407169999999999, 5.89286, 4.62077, 7.75033, 13.307509999999999, 12.18893, 3.9329500000000004, -6.77297, -8.33775, 5.49991]

[Epoch 51/100]
P1 Score : 27, AI score : 21
Move History : [4, 7, 1, 8, 0, 9, 5, 10, 1, 8, 2, 9, 4, 7, 0, 9, 5, 8, 3, 6, 4, 9, 0, 10, 3, 8, 1, 11, 2, 6, 5, 8, 2, 6, 0, 9, 3, 6, 0, 7, 0, 11, 0, 10, 1, 10, 2, 8, 4, 8, 2, 6, 0, 7, 5, 7, 3, 11, 2, 6, 0, 10, 1, 6, 5, 7, 0, 9, 4, 11, 5, 6, 0, 7, 2, 6, 1, 10, 0, 7, 2, 11, 3, 8, 4, 9, 1, 10, 5, 8, 2, 7, 3, 10, 4, 6, 1, 8, 5, 10, 0, 11, 0, 9, 4, 6, 1, 11, 2, 7, 4, 8, 5, 10, 3]
Score Track : [10.52406, 11.30645, 13.14038, 13.77119, 13.88557, 12.861810000000002, 14.70403, 17.81729, 17.460430000000002, 17.294540000000005, 17.294540000000005, 17.23735, 18.04322, 19.372649999999997, 3.08756, 4.28799, 3.81808, 5.82469, 6.63087, 6.795260000000001, 7.220260000000001, 6.49323, 4.42727, 7.489190000000001, 6.2986, 5.88937, 5.58385, 7.5672, 7.5672, 6.49456, 6.189039999999999, 5.3157499999999995, 10.889230000000001, 6.194890000000001, -10.108069999999998, 4.59166, 4.50772, 7.721220000000001, 9.20206, 8.51642, -4.755109999999998, 2.92317, 3.90602, 4.76539, 9.28591, 13.30063, 9.28591, 7.94383, 8.80667, 5.49991, 6.05027, 2.8659800000000004, 2.7587800000000002, 2.0638, 6.25912, -1.7703199999999997, 6.25912]

[Epoch 52/100]
P1 Score : 15, AI score : 33
Move History : [4, 11, 3, 6, 1, 8, 4, 7, 0, 6, 4, 7, 5, 8, 3, 11, 2, 10, 1, 7, 0, 9, 5, 10, 4, 8, 3, 9, 5, 10, 2, 11, 2, 6, 3, 7, 4, 6, 1, 10, 5, 9, 3, 10, 0, 6, 1, 8, 3, 7, 4, 6, 5, 10, 2, 8, 4, 9, 3, 7, 5, 10, 4, 6, 5]
Score Track : [10.52406, 7.972740000000001, 5.85544, 7.38465, 8.19083, 8.19083, 10.36183, 10.36183, 7.972740000000001, 8.8032, 8.25151, 9.006620000000002, 8.13733, 8.44634, 8.75186, 12.04928, 4.272220000000001, 2.94294, 4.211539999999999, 4.68145, 4.9869699999999995, 4.51706, 4.84584, 9.38868, 1.3592400000000007, 2.69748, 6.7122, 5.14742, 5.580360000000001, 7.8239, 7.8239, 7.8239]

[Epoch 53/100]
P1 Score : 19, AI score : 29
Move History : [4, 9, 5, 11, 4, 7, 5, 6, 2, 9, 1, 7, 2, 11, 1, 6, 2, 7, 5, 7, 0, 9, 5, 8, 1, 10, 1, 9, 4, 6, 3, 6, 4, 11, 1, 9, 4, 11, 3, 10, 5, 8, 2, 10, 1, 6, 0, 8, 5, 11, 2, 6, 1, 9, 1, 7, 4, 11, 3, 7, 4, 8, 1, 6, 5, 10, 1, 9, 2, 6, 4, 9, 0, 10, 5, 8, 4, 10, 3, 11, 5, 7, 3, 11, 0, 8, 1, 6, 2, 10, 4, 8, 5, 7, 3, 11, 4, 8, 5, 9, 1, 11]
Score Track : [10.52406, 12.697220000000002, 4.3376100000000015, 5.94248, 8.13364, 7.44184, 6.72709, 8.137129999999999, 6.40929, 7.452820000000001, 11.54546, 10.69543, 9.29504, 14.773600000000002, 9.016470000000002, 10.059999999999999, 10.059999999999999, 3.90602, 5.419460000000001, 6.105099999999999, 6.30209, 6.39282, 9.1039, 9.738199999999999, 10.78173, 5.03698, 3.8680900000000005, 7.42956, 5.27833, 7.7607800000000005, 6.814, 5.858930000000001, 6.516489999999999, 7.28843, 6.00835, 3.8255700000000004, 7.1323300000000005, 7.84708, 8.79386, 9.508610000000001, 4.42727, 7.8239, 2.86249, 7.8239, 7.8239, 7.8239, 2.94294, -0.4320799999999996, -4.4468, 1.65457, 2.59439]

[Epoch 54/100]
P1 Score : 32, AI score : 16
Move History : [2, 9, 5, 8, 0, 9, 2, 6, 0, 11, 2, 6, 1, 10, 0, 6, 4, 7, 1, 10, 3, 9, 0, 10, 1, 7, 2, 11, 4, 9, 0, 8, 5, 6, 2, 9, 1, 6, 3, 6, 4, 6, 0, 7, 2, 11, 3, 9, 2, 11, 1, 10, 5, 10, 1, 6, 3, 11, 5, 7, 2, 11, 0, 10, 3, 6, 4, 7, 2, 8, 0, 7, 1, 8, 3, 9, 2, 6, 1, 7, 4, 7, 3, 6, 5, 6, 0, 10, 0, 7, 3, 8, 0, 11, 5, 9, 4, 10, 5, 7, 2, 7, 0, 11, 1, 6, 5, 10, 4, 9, 3, 10, 5]
Score Track : [10.52406, 10.33508, 12.72766, 13.442409999999999, 13.13689, 6.40929, 6.26467, 6.60761, 5.28661, 6.54344, 9.18435, 13.690740000000002, 9.956290000000001, 11.65738, 10.26641, 8.63399, 11.768070000000002, 10.6406, 12.514370000000001, 11.68413, 12.01291, 10.901209999999999, 11.375119999999999, 0.4010400000000005, 7.0109900000000005, 9.99379, 3.58073, 4.29548, 5.17462, 6.7380700000000004, 6.432550000000001, 3.58073, 4.29548, 5.99657, 6.711320000000001, 7.42956, 9.13065, -13.896249999999998, 5.88937, 4.701219999999999, 6.8722199999999996, 6.8722199999999996, 10.42731, 10.15572, 12.129730000000002, 1.4097300000000001, 4.02738, -12.78455, -4.755109999999998, -8.996369999999999, 1.6683400000000002, 2.1615100000000003, 3.74163, 3.74163, 9.84176, 4.62077]

[Epoch 55/100]
P1 Score : 18, AI score : 30
Move History : [2, 6, 5, 6, 0, 9, 2, 7, 3, 8, 3, 9, 4, 8, 5, 11, 1, 6, 0, 6, 2, 9, 0, 10, 5, 7, 3, 9, 2, 8, 5, 6, 2, 11, 4, 10, 0, 11, 1, 6, 4, 6, 2, 9, 0, 11, 2, 6, 3, 6, 4, 6, 5, 6, 1, 7, 2, 11, 3, 9, 5, 6, 0, 11, 3, 10, 5, 8, 3, 6, 1, 10, 2, 9, 0, 10, 5, 11, 2, 7, 3, 9, 4, 10, 5]
Score Track : [10.52406, 10.688450000000001, 10.722380000000001, 13.254760000000001, 12.36495, 13.36196, 14.49622, 17.45347, 6.05686, 7.01994, 9.269400000000001, 10.312930000000001, 23.142390000000002, 8.30521, 8.85557, 9.674030000000002, 9.096919999999999, 7.95428, 3.4766300000000006, 5.30641, 3.74163, 5.30641, 6.34994, 6.41062, 5.25856, 5.42295, 4.543810000000001, 5.3425, 3.90602, 3.88625, 4.07041, 3.82208, 3.6611800000000003, 3.74163, 3.74163, 5.38686, 4.701219999999999, 4.701219999999999, 9.137830000000001, 3.16801, 1.9833500000000002, 4.07041]

[Epoch 56/100]
P1 Score : 20, AI score : 28
Move History : [2, 10, 4, 11, 3, 7, 4, 6, 1, 9, 1, 10, 2, 8, 0, 9, 1, 10, 4, 9, 0, 10, 5, 11, 0, 10, 5, 6, 4, 6, 3, 7, 0, 9, 1, 11, 4, 6, 2, 10, 3, 8, 3, 6, 4, 10, 0, 7, 3, 11, 0, 6, 5, 10, 3, 11, 1, 6, 3, 7, 2, 8, 1, 10, 5, 6, 0, 7, 1, 9, 4, 6, 3, 7, 2, 11, 1, 9, 2, 8, 4, 11, 3, 6, 1, 7, 5, 6, 2, 7, 4, 8, 0, 11, 3, 10, 1, 9, 5, 11]
Score Track : [10.52406, 10.0063, 7.643960000000001, 8.1557, 7.8387899999999995, 7.731590000000001, 8.28195, 12.86879, 12.56327, 11.10353, 11.26792, 16.088119999999996, 4.94955, 5.6643, 5.6643, 6.26067, 7.47608, 4.84584, 3.08756, 5.5034, 4.550599999999999, 6.54693, 10.29449, 10.12661, 7.26168, -0.7978999999999994, 2.81558, 5.446210000000001, 4.211539999999999, 5.776319999999999, 4.211539999999999, 1.9881399999999996, 5.70172, 5.3962, 5.3962, 6.37905, 7.25819, 3.59947, -3.314099999999999, 10.0683, 5.97331, 2.14774, 5.97575, 4.2348, 5.044650000000001, -0.30830999999999875, -0.30830999999999875, -4.54957, 0.8033900000000007, 3.6379200000000003]

[Epoch 57/100]
P1 Score : 17, AI score : 31
Move History : [2, 6, 4, 7, 3, 9, 2, 7, 5, 7, 3, 6, 1, 10, 0, 9, 2, 6, 4, 9, 1, 11, 0, 6, 4, 9, 2, 7, 1, 8, 5, 9, 3, 9, 2, 6, 3, 11, 0, 10, 0, 8, 3, 9, 4, 6, 5, 11, 0, 6, 1, 6, 4, 7, 0, 6, 1, 8, 3, 6, 4, 6, 2, 8, 4, 11, 5, 11, 3, 10, 0, 9, 4, 11, 3, 8, 4, 7, 0, 9, 2, 11]
Score Track : [10.52406, 10.52406, 11.24097, 11.543000000000001, 11.801610000000002, 11.887550000000001, 10.958400000000001, 14.1013, 14.81605, 14.17426, 16.08465, 11.109480000000001, 6.816790000000001, 9.856649999999998, 11.86326, 23.471700000000002, 10.302480000000001, 8.902090000000001, 10.08059, 8.14564, 6.8792, 6.27883, 6.94318, 3.2690200000000003, 2.9282700000000004, 16.883270000000003, 5.3425, 5.67128, 16.883270000000003, 11.303770000000002, 7.59395, 7.28843, 7.124040000000001, 5.7715000000000005, 4.89236, 6.28012, 4.701219999999999, 2.94294, 0.02100000000000035, 0.02100000000000035, 0.02100000000000035]

[Epoch 58/100]
P1 Score : 28, AI score : 20
Move History : [0, 9, 4, 11, 0, 9, 3, 6, 5, 9, 4, 10, 0, 7, 1, 9, 3, 10, 4, 11, 2, 11, 5, 7, 1, 6, 0, 9, 4, 7, 3, 9, 1, 8, 3, 6, 4, 9, 5, 11, 2, 9, 0, 8, 4, 9, 2, 6, 1, 10, 3, 6, 4, 11, 5, 10, 0, 7, 1, 8, 0, 10, 1, 6, 3, 7, 0, 11, 3, 9, 0, 8, 5, 7, 4, 11, 2, 8, 1, 9, 0, 6, 1, 7, 3, 10, 4, 11, 2, 8, 5, 9, 0, 11, 0, 6, 1, 8, 4, 10, 3, 7, 0, 10, 1, 8, 4, 9, 2, 11, 0, 6, 3, 10, 4, 6, 5, 9, 1, 7, 2, 8, 5, 9, 3, 10, 1, 11]
Score Track : [11.818080000000002, 10.00281, 4.3376100000000015, 8.118670000000002, 7.40392, 10.282710000000002, 6.305190000000001, 7.26168, 7.976430000000001, 10.345749999999999, 4.4598700000000004, 7.01684, 7.86687, 7.56135, 6.711320000000001, 9.22288, 8.44049, 23.471700000000002, 7.77811, 11.346010000000001, 11.64465, 7.89709, 7.34673, 6.7287300000000005, 8.83128, 4.62077, 5.01023, 4.543810000000001, 5.72847, 6.9679400000000005, 4.634539999999999, 7.322360000000001, 5.580360000000001, -8.769829999999999, -12.78455, 3.9020200000000003, -1.5311199999999996, -4.68136, 3.00711, 1.9833500000000002, 3.33589, 12.51824, 12.51824, 5.1420200000000005, 10.95346, 9.38868, 4.601000000000001, 2.14025, 4.03572, 5.37396, 3.57724, 2.86249, 9.38868, 9.38868, 4.04715, 2.51394, 1.18466, 3.4735300000000002, 3.74163, 9.38868, 9.38868, 1.1327000000000003, 1.1327000000000003, -1.5437799999999995]

[Epoch 59/100]
P1 Score : 17, AI score : 31
Move History : [0, 6, 4, 7, 1, 10, 2, 7, 4, 6, 1, 7, 3, 6, 2, 7, 3, 8, 5, 10, 0, 9, 4, 11, 3, 6, 0, 10, 1, 7, 0, 10, 4, 6, 2, 11, 2, 6, 5, 8, 2, 7, 4, 8, 3, 9, 3, 11, 4, 7, 0, 6, 5, 10, 2, 11, 3, 7, 1, 8, 2, 6, 4, 11, 1, 6, 0, 7, 1, 9, 5, 10]
Score Track : [11.818080000000002, 11.10333, 8.55005, 9.67752, 9.67752, 10.14743, 11.37861, 11.37861, 12.01291, 15.06305, 13.311559999999998, 17.91404, 5.27833, 4.701219999999999, 7.1451400000000005, -15.666569999999998, 8.63748, 9.605360000000001, 3.74163, 7.10078, 6.63087, 6.0537600000000005, 6.63087, 6.523669999999999, 2.24745, -1.2752999999999997, 6.49323, 4.701219999999999, 2.94294, -2.3051699999999995, 2.86249, 2.86249, 1.9833500000000002, -3.314099999999999, -3.314099999999999, 4.35616]

[Epoch 60/100]
P1 Score : 20, AI score : 28
Move History : [1, 7, 4, 10, 2, 6, 1, 10, 5, 10, 0, 8, 0, 6, 2, 7, 1, 11, 5, 6, 4, 6, 5, 6, 3, 10, 5, 11, 2, 8, 0, 10, 3, 7, 0, 9, 4, 11, 5, 6, 4, 7, 5, 10, 0, 9, 1, 10, 5, 8, 1, 9, 3, 10, 2, 8, 3, 10, 4, 11, 2, 7, 4, 10, 3, 8, 4, 10, 1, 6, 5, 6, 0, 11, 0, 9, 4, 10, 0, 7, 5, 6, 3, 7, 4, 11, 1, 7, 3, 6, 0, 7, 5, 10, 4, 7, 2, 6, 5, 9, 3, 6, 4, 10, 5, 11, 0, 7, 1, 8, 3, 10, 5, 6, 4, 6, 1, 9, 0, 7, 1, 9, 5, 6, 2, 10, 3, 6, 0, 8, 4, 6, 1, 7, 2, 8, 3, 10, 5, 11, 2, 6, 1, 7, 2, 8, 4, 9, 5, 10, 2, 11]
Score Track : [8.08014, 10.993970000000001, 10.8015, 10.39227, 13.19408, 14.073220000000001, 14.10715, 16.54974, 13.801630000000001, 5.8089200000000005, 6.68806, 6.68806, 11.82423, 13.746899999999998, 13.67823, 5.469470000000001, 6.18422, 10.33857, 9.04322, 6.103770000000001, 6.63916, 6.26816, 8.095410000000001, 10.455390000000001, 20.34214, 7.33864, 10.36901, 14.76264, 12.086160000000001, 11.65389, 6.25319, 3.90602, 4.62077, 4.78516, 5.49991, 9.15175, 8.90342, 2.94294, 4.76539, 5.39969, 4.123600000000001, 5.564080000000001, 5.88937, 2.86249, 2.86249, 2.94294, 4.15784, 3.82208, 8.50352, 3.57724, 2.86249, 5.30641, 3.82208, 2.0638, -2.88202, -5.5584999999999996, 3.41285, 3.41285, 3.82208, 4.10783, 2.4709400000000006, 5.14742, 5.14742, 4.45638, 4.701219999999999, 4.45638, 4.701219999999999, -2.88202, -2.88202, 7.8239, 1.65457, 1.1327000000000003, -5.5584999999999996, -5.5584999999999996, 3.2286900000000003, 4.41335]

[Epoch 61/100]
P1 Score : 29, AI score : 19
Move History : [0, 8, 5, 11, 3, 6, 4, 8, 2, 6, 3, 11, 5, 9, 0, 7, 4, 9, 1, 6, 5, 10, 1, 9, 5, 10, 4, 6, 3, 6, 4, 7, 2, 7, 3, 8, 0, 6, 5]
Score Track : [11.818080000000002, 8.59936, 9.41402, 7.00966, 8.60355, 8.60355, 6.516489999999999, 7.28843, 3.6410200000000006, 6.914740000000001, 7.942500000000001, 10.97446, 5.113240000000001, 15.31849, 7.7280999999999995, 10.181360000000002, 7.97294, 8.13733, 7.97294]

[Epoch 62/100]
P1 Score : 14, AI score : 34
Move History : [2, 11, 2, 7, 5, 6, 0, 10, 3, 10, 1, 8, 1, 6, 0, 7, 1, 10, 2, 9, 0, 6, 5, 10, 0, 6, 1, 7, 3, 11, 1, 10, 3, 8, 0, 11, 4, 11, 1, 7, 5, 10, 2, 11, 0, 6, 5, 6, 4, 10, 3, 11, 5, 8, 1, 6, 0, 10, 1, 7, 2, 10, 5, 8, 3, 6, 0, 7, 4, 6, 5, 7, 1, 8, 3, 10, 2, 6, 4, 7, 3, 8, 5, 6, 0, 11, 0, 7, 3, 8, 1, 9]
Score Track : [10.52406, 7.0075, 7.80486, 7.392140000000001, 10.19744, 9.84191, 9.87584, 9.57032, 11.882450000000002, 10.918980000000001, 11.10353, 15.89462, 16.44498, 16.52543, 12.53303, 3.41634, 8.82513, 6.641150000000001, 4.78516, 6.82201, 21.12453, 6.60412, 4.84584, 5.72498, 6.523669999999999, 6.43973, 4.68145, 6.880529999999999, 6.57501, 5.72498, 5.72498, 7.62439, 6.90964, 6.60412, 7.95317, 8.11756, 8.83231, 17.21258, 10.06831, 9.76279, 10.2327, 9.183140000000002, 9.183140000000002, 3.6036400000000004, 3.6036400000000004, 3.6036400000000004]

[Epoch 63/100]
P1 Score :  9, AI score : 39
Move History : [1, 6, 2, 10, 5, 6, 0, 10, 4, 10, 5, 6, 1, 11, 1, 6, 3, 6, 1, 9, 1, 8, 2, 6, 1, 7, 3, 7, 4, 8, 5, 6, 0, 6, 2, 8, 4, 7, 3, 9, 3, 8, 1, 6, 2, 7, 0, 8, 2, 9, 1, 10, 4, 6, 2, 10, 4, 7, 5, 7, 0, 6, 1, 7, 2, 8, 1, 9, 0, 11, 0, 6, 3, 9, 5, 6, 2, 10]
Score Track : [8.08014, 11.2097, 10.74564, 10.6617, 13.75622, 14.2411, 15.94219, 7.15079, 9.731020000000001, 8.4727, 10.03305, 11.77985, 15.39989, 9.372, 14.230730000000001, 12.116620000000001, 11.845030000000001, 11.845030000000001, 11.4358, 11.60019, 11.7039, 11.76458, 15.8644, 12.145330000000001, 14.762980000000004, 14.457460000000003, 16.22096, 15.91544, 16.465799999999998, 16.89962, 19.24679, 19.16285, 9.391060000000001, 4.407030000000001, 2.0598600000000005, 5.201370000000001, 3.9197899999999994, 8.530280000000001, 8.69467]

[Epoch 64/100]
P1 Score : 35, AI score : 13
Move History : [1, 6, 3, 8, 4, 11, 1, 9, 0, 11, 5, 8, 3, 7, 3, 6, 1, 10, 2, 11, 2, 6, 3, 8, 5, 9, 3, 6, 2, 7, 5, 9, 3, 11, 2, 10, 0, 6, 4, 10, 3, 11, 2, 7, 1, 9, 4, 8, 0, 9, 1, 10, 5, 11, 4, 9, 0, 10, 0, 11]
Score Track : [8.08014, 9.64492, 11.322750000000001, 7.9810300000000005, 9.84784, 6.26467, 8.580290000000002, 8.27477, 7.460000000000001, 10.64889, 8.39508, 9.34186, 5.6106, 4.41296, 5.983590000000001, 5.04377, 7.91924, 3.2909800000000002, 2.0251699999999997, 6.16925, 1.7073700000000005, 4.50772, 3.90602, -15.00795, -15.00795, -15.00795, 9.40942, -11.672849999999999, -11.672849999999999, -11.672849999999999]

[Epoch 65/100]
P1 Score : 30, AI score : 18
Move History : [5, 11, 2, 7, 1, 9, 1, 6, 1, 10, 0, 7, 3, 7, 5, 7, 4, 11, 0, 10, 3, 8, 3, 7, 1, 7, 2, 8, 5, 6, 1, 10, 2, 9, 3, 6, 2, 7, 3, 11, 3, 10, 1, 11, 5, 8, 1, 6, 2, 11, 3, 9, 4, 9, 2, 7, 0, 6, 5, 9, 2, 7, 0, 11, 0, 6, 3, 8, 0, 11, 4, 7, 3, 6, 4, 9, 2, 11, 1, 6, 5, 6, 3, 7, 2, 11, 5, 6, 4, 10, 0, 6, 5, 9, 3, 10, 4, 8, 5, 6, 1, 7, 3, 10, 2, 11, 4, 8, 0, 6, 5]
Score Track : [8.95928, 6.26816, 4.35228, 10.502960000000002, 9.9526, 8.64976, 8.14082, 8.4696, 11.73414, 6.469579999999999, 3.29608, 8.82513, 11.333200000000001, 7.498530000000001, 7.402810000000001, 7.09729, 6.89897, 11.707690000000001, 8.74252, 5.9801, 5.00438, -2.4027699999999994, 5.42295, 6.44322, 5.97331, 4.62426, 6.956160000000001, 6.956160000000001, 7.201, 8.244530000000001, 10.56015, 10.33857, 4.520159999999999, 6.99469, 5.30508, 5.530150000000001, 5.06024, 5.06024, 3.069400000000001, 17.665660000000003, 4.50639, 7.2665, 6.96098, 10.85069, 13.30063, 6.02116, 4.45638, 4.62077, 4.03572, 6.21466, 6.4595, 0.46991000000000005, 0.9398200000000001, 1.8189600000000001, 2.23168]

[Epoch 66/100]
P1 Score : 20, AI score : 28
Move History : [0, 11, 5, 6, 3, 6, 1, 6, 4, 6, 3, 7, 1, 10, 1, 6, 3, 9, 3, 10, 4, 8, 0, 6, 1, 8, 2, 7, 4, 10, 5, 8, 2, 9, 4, 11, 1, 7, 0, 6, 5, 7, 4, 9, 3, 6, 1, 10, 1, 9, 2, 7, 3, 11, 0, 8, 3, 6, 1, 10, 4, 7, 3, 6, 4, 7, 2, 9, 5, 6, 1, 11, 3, 7, 4, 6, 1, 7, 5, 9, 0, 11, 1, 6, 0, 7, 2, 8, 4, 11, 1, 10, 5, 9, 3, 6, 4, 7, 5, 9, 2, 10, 3, 11, 4, 8, 0, 9, 5, 6, 1, 7, 2, 10, 3, 8, 4, 9, 5]
Score Track : [11.818080000000002, 5.4427200000000004, 5.91263, 8.2598, 5.676380000000001, 8.54636, 6.26816, 5.99657, 8.308700000000002, 5.72498, 7.26168, 8.646270000000001, 8.397940000000002, 9.782560000000002, 9.979550000000001, 14.531649999999999, 14.026700000000002, 14.35548, 6.55042, 5.530150000000001, 6.187709999999999, -11.87839, 5.41361, 5.44754, 5.38686, 10.87989, 11.565529999999999, 4.42727, 2.86249, 5.29011, 5.27119, 10.62415, 4.701219999999999, -0.08176999999999968, 5.33552, 7.1451400000000005, 5.29011, 5.04527, 6.85489, 2.6981, 4.42727, 1.9833500000000002, 2.0638, 0.02100000000000035, -5.5584999999999996, -4.4468, 2.53371, 2.6981, 2.94294, 2.86249, 2.14774, 4.69434, -2.2234, -2.2234, 0.6343000000000001, 1.18466, -2.2234, 3.12956, 3.12956]

[Epoch 67/100]
P1 Score : 26, AI score : 22
Move History : [0, 8, 2, 10, 3, 10, 1, 11, 0, 6, 3, 10, 5, 11, 0, 9, 3, 6, 5, 8, 1, 7, 1, 6, 5, 8, 4, 8, 2, 8, 5, 8, 0, 6, 2, 8, 1, 11, 4, 6, 5, 7, 2, 6, 4, 11, 0, 7, 3, 8, 1, 11, 5, 10, 0, 6, 1, 8, 3, 7, 5, 8, 4, 11, 2, 9, 5, 10, 4, 11, 3, 7, 5, 8, 4, 9, 2, 10, 1, 11, 5, 7, 3, 8, 4, 9, 1, 10, 0, 11]
Score Track : [11.818080000000002, 10.96938, 13.313060000000002, 13.75622, 7.42956, 7.42956, 7.48326, 7.927830000000001, 10.21989, 4.4969, 8.55354, 8.340250000000001, 8.340250000000001, 2.8170800000000003, 8.71444, 10.22788, 11.87527, 9.51313, 19.580750000000002, 5.587339999999999, 10.28168, 7.663730000000001, 7.49934, 5.28182, 9.07479, 24.25409, 6.386030000000001, 6.02332, 21.12453, 21.12453, 14.43333, 21.12453, 10.74792, 4.94955, 5.580360000000001, 2.94294, 2.86249, 2.6981, 4.211539999999999, 6.25912, 1.65457, -2.2234, -2.2234, -2.2234, -2.2234]

[Epoch 68/100]
P1 Score :  7, AI score : 41
Move History : [4, 6, 0, 11, 3, 6, 4, 7, 3, 10, 1, 11, 0, 8, 3, 10, 5, 7, 1, 6, 4, 6, 2, 11, 0, 7, 2, 9, 3, 7, 4, 9, 2, 8, 1, 10, 0, 11, 1, 6, 0, 11, 1, 8, 5, 9, 4, 8, 2, 6, 4, 8, 3, 6, 4, 11, 5]
Score Track : [10.52406, 10.25247, 7.69314, 4.29199, 8.77994, 5.83218, 6.0465800000000005, 5.64453, 8.33196, 7.300710000000001, 8.11756, 8.441790000000001, 9.653229999999999, 8.08845, 8.026440000000001, 8.84839, 8.96277, 9.61684, 11.003309999999999, 3.2105300000000003, 5.2171400000000006, 2.0638, 4.07041, 3.94305, 8.367, 4.29199, 6.45714, 5.23181]

[Epoch 69/100]
P1 Score : 31, AI score : 17
Move History : [5, 8, 0, 6, 1, 6, 2, 9, 0, 6, 4, 9, 2, 7, 3, 10, 4, 6, 3, 9, 5, 8, 1, 10, 3, 6, 1, 7, 2, 11, 4, 8, 0, 6, 1, 10, 2, 8, 5, 11, 4, 7, 3, 6, 0, 11, 4, 7, 1, 8, 2, 10, 5, 9, 0, 6, 3, 8, 4, 10, 5, 9, 2, 11, 0, 10, 2, 11]
Score Track : [8.95928, 12.300270000000001, 11.99475, 12.834859999999999, 10.47272, 12.0701, 12.0701, 13.93558, 15.01304, 13.492619999999999, 15.68288, 17.17706, 14.68756, 17.56303, 18.36172, 4.176410000000001, 5.67128, 18.77736, 8.532720000000001, 4.78516, 9.20206, 5.992050000000001, 8.41967, 4.410970000000001, -7.781899999999999, -1.0906999999999991, 9.38868, 2.1347600000000004, 3.82208, 3.74163, 0.12377000000000038, 2.80025, -3.8909499999999997, -3.8909499999999997]

[Epoch 70/100]
P1 Score : 31, AI score : 17
Move History : [4, 6, 3, 8, 5, 11, 2, 9, 5, 6, 2, 10, 0, 9, 3, 7, 2, 9, 3, 8, 5, 6, 4, 8, 1, 8, 4, 6, 5, 6, 2, 7, 1, 8, 3, 9, 1, 10, 1, 11, 3, 9, 0, 6, 3, 7, 4, 6, 0, 11, 1, 6, 4, 9, 2, 6, 1, 10, 5, 9, 3, 10, 0, 6, 3, 11, 1, 7, 4, 7, 5, 7, 0, 6, 2, 8, 5, 7, 2, 8, 3, 6, 4, 6, 5, 11, 3, 8, 0, 6, 2, 7, 3, 10, 2, 9, 1, 11, 4, 6, 2, 8, 4, 7, 5, 6, 3, 7, 5, 6, 0, 7, 1, 9, 0, 8, 1, 9, 2, 10, 1, 11]
Score Track : [10.52406, 14.43601, 18.095860000000002, 4.91162, 5.4510000000000005, 8.50663, 9.46076, 4.645090000000001, 8.5768, 9.04322, 13.21734, 14.673589999999999, 21.315189999999998, 14.646840000000001, 14.48245, 14.48245, 15.422270000000001, 13.28481, 16.05657, 13.495410000000001, 3.5965, 6.16096, 6.265999999999999, 5.99308, 8.70992, 3.5200500000000003, 2.94294, 8.83342, 8.08496, 9.76975, 15.35257, 9.016470000000002, 12.46785, 3.82208, 3.8023100000000003, 4.29548, 4.16812, 6.90379, 6.54693, 6.8722199999999996, 7.0366100000000005, 9.383780000000002, 9.383780000000002, 3.21802, 4.32223, 0.2743800000000003, 4.48662, 4.9869699999999995, 3.6379200000000003, 2.14025, 6.85489, 6.758140000000001, 2.14774, 4.410970000000001, 2.31213, 2.0638, -7.781899999999999, 0.24754000000000076, 0.24754000000000076, 0.24754000000000076, -6.11435]

[Epoch 71/100]
P1 Score : 35, AI score : 13
Move History : [2, 10, 4, 6, 2, 7, 3, 8, 3, 9, 0, 8, 2, 10, 0, 9, 2, 6, 5, 6, 4, 10, 5, 7, 1, 9, 4, 6, 5, 6, 2, 7, 0, 8, 4, 9, 2, 11, 4, 7, 0, 10, 5, 11, 4, 7, 2, 8, 0, 9, 1, 10, 5, 11]
Score Track : [10.52406, 10.0063, 13.855130000000003, 9.795, 12.09336, 13.690740000000002, 12.72417, 13.824890000000002, 14.53964, 16.85177, 17.373019999999997, 16.05308, 19.40874, 19.794710000000002, 19.63032, 16.13004, 4.86111, 2.67833, -3.0370699999999995, 3.7608900000000007, 3.4553700000000003, 0.50624, -0.1681499999999989, -16.6755, -16.6755, 2.2487500000000002, -3.972719999999999]

[Epoch 72/100]
P1 Score : 31, AI score : 17
Move History : [3, 11, 5, 6, 0, 10, 1, 9, 1, 10, 5, 7, 2, 8, 0, 10, 3, 6, 5, 10, 2, 8, 3, 11, 0, 9, 2, 6, 5, 6, 1, 11, 3, 9, 5, 6, 4, 6, 0, 8, 1, 10, 1, 11, 1, 7, 5, 9, 0, 6, 5, 7, 2, 9, 0, 8, 3, 11, 3, 7, 0, 9, 2, 8, 1, 10, 1, 6, 2, 11, 3, 9, 4, 9, 5, 6, 0, 7, 1, 8, 0, 9, 1, 11, 1, 10, 3, 7, 1, 8, 5, 9, 2, 7, 3, 11, 4]
Score Track : [8.95928, 8.30152, 10.00261, 7.84708, 9.360520000000001, 8.82297, 9.18435, 11.19096, 12.784849999999999, 14.84865, 13.824890000000002, 13.110140000000001, 2.10083, 7.01684, 7.01684, 5.11394, 8.92914, 4.23829, 4.520159999999999, 3.4084599999999994, 5.234909999999999, 7.6744, 5.916119999999999, 4.04715, 5.83218, 5.99657, 8.47309, 10.888930000000002, 7.75485, 1.2216900000000002, 4.55409, 4.55958, 5.36576, 2.8550000000000004, 5.38686, 2.6076100000000006, -3.087559999999999, 3.5200500000000003, 2.94294, -10.005299999999998, -10.005299999999998, -10.005299999999998, -10.005299999999998, 4.02738, -5.99058, -0.15610999999999997, 3.90602, 5.30641]

[Epoch 73/100]
P1 Score : 46, AI score :  2
Move History : [1, 7, 3, 10, 2, 11, 0, 6, 3, 11, 1, 7, 2, 9, 3, 8, 2, 10, 3, 11, 2, 9, 0, 10, 3, 6, 2, 7, 5, 11]
Score Track : [8.08014, 8.95928, 10.637110000000002, 6.49323, 4.78516, 3.90602, 5.683560000000001, -20.442679999999996, -17.766199999999998, -24.4574, 1.0127800000000002, -4.51697, 6.44322, -1.4948799999999998, -18.343049999999998]

[Epoch 74/100]
P1 Score : 44, AI score :  4
Move History : [3, 11, 2, 6, 5, 6, 4, 9, 1, 6, 4, 11, 5, 10, 5, 6, 3, 11, 2, 7, 3, 8, 1, 6, 5, 6, 0, 8, 5, 10, 4, 10, 5, 9, 3, 11, 3, 8, 1, 6, 4, 7, 0, 8, 1, 9, 0, 10, 4, 6, 5, 8, 0, 11, 4, 9, 5, 11, 3, 8, 2, 8, 5, 6, 0, 7, 3, 9, 0, 11, 1, 6, 2, 6, 0, 8, 0, 10, 0, 9, 3, 11, 3, 10, 1, 11]
Score Track : [8.95928, 5.93938, 6.187709999999999, 7.00966, 7.0668500000000005, 7.94599, 9.923490000000001, 6.238350000000002, 6.341120000000001, 4.1858900000000006, 7.378129999999999, 10.009789999999999, 9.314810000000001, 9.34874, 9.51313, 13.52635, 11.93925, 21.27216, 7.59395, 6.93639, 6.772, -18.898899999999998, -18.898899999999998, -18.898899999999998, 7.0740300000000005, 9.48987, 9.18435, 3.8413399999999998, 3.6769500000000006, 3.9217900000000006, 6.63087, 6.95965, 7.59395, -16.6755, 10.231370000000002, 4.56358, 4.56358, 4.29199, 4.29199, 4.701219999999999, 7.37955, 1.7385100000000002, -10.108069999999998]

[Epoch 75/100]
P1 Score : 17, AI score : 31
Move History : [1, 6, 2, 6, 4, 6, 0, 10, 1, 7, 0, 10, 2, 6, 5, 8, 0, 6, 3, 7, 1, 10, 2, 8, 0, 10, 4, 6, 5, 7, 3, 11, 3, 6, 0, 8, 1, 11, 5, 7, 3, 10, 0, 11, 1, 6, 2, 7, 0, 6, 4, 8, 5, 11, 3, 9, 5]
Score Track : [8.08014, 11.2097, 9.809310000000002, 9.843240000000002, 8.217780000000001, 1.4097300000000001, 11.669160000000002, 13.44374, 12.00942, 15.28463, 32.07799, 13.63724, 14.74145, 15.44553, 17.53259, 20.65652, 5.0263100000000005, 5.083500000000001, 5.55341, 17.56289, 14.69265, 4.690040000000001, 7.498530000000001, 5.15136, 5.15136, 5.4801400000000005, 8.17239, 11.859620000000001]

[Epoch 76/100]
P1 Score : 16, AI score : 32
Move History : [3, 9, 5, 9, 4, 6, 0, 10, 0, 8, 3, 7, 1, 6, 3, 10, 0, 9, 5, 11, 4, 6, 2, 6, 3, 6, 4, 11, 5, 10, 1, 7, 1, 8, 2, 11, 0, 6, 1, 8, 3, 6, 2, 7, 5, 9, 2, 10]
Score Track : [8.95928, 11.87527, 12.53283, 13.026, 12.01291, 14.020850000000001, 15.89462, 16.42868, 14.96065, 12.53303, 4.89585, 6.67872, 7.461110000000001, 5.11394, 8.864989999999999, 12.38052, 5.5034, 3.6036400000000004, 4.32223, 11.63308, 3.3771000000000004, 3.3771000000000004, 10.0683, 4.601000000000001]

[Epoch 77/100]
P1 Score : 41, AI score :  7
Move History : [0, 9, 4, 10, 5, 11, 3, 6, 0, 7, 0, 8, 1, 6, 5, 6, 0, 7, 2, 6, 0, 8, 4, 8, 5, 7, 3, 10, 5, 9, 5, 11, 2, 10, 5, 6, 4, 10, 5, 11]
Score Track : [11.818080000000002, 10.00281, 16.63828, 8.69711, 8.61317, -18.775129999999997, 8.55354, 8.71793, 8.412410000000001, 9.64492, 9.373330000000001, 13.14038, 11.74132, 12.784849999999999, 12.94924, 11.480009999999998, 5.67128, -3.3268199999999997, -4.199259999999999, -8.440519999999998]

[Epoch 78/100]
P1 Score : 27, AI score : 21
Move History : [3, 11, 1, 6, 5, 8, 3, 6, 1, 9, 1, 7, 0, 6, 5, 11, 2, 6, 4, 8, 0, 9, 3, 6, 1, 6, 3, 7, 2, 11, 2, 6, 0, 8, 5, 6, 4, 8, 1, 11, 2, 9, 0, 11, 1, 6, 5, 6, 0, 7, 4, 6, 2, 9, 4, 10, 5, 6, 4, 9, 3, 7, 1, 6, 2, 10, 2, 11, 2, 9, 3, 7, 1, 8, 5, 9, 1, 6, 0, 8, 3, 10, 2, 6, 3, 7, 4, 6, 0, 7, 3, 8, 5, 7, 4, 8, 5, 9, 5, 10, 1, 7, 3, 6, 2, 7, 4, 6, 5, 8, 0, 6, 2, 7, 1, 8, 3, 10, 2, 11, 2, 9, 5, 11, 4, 8, 5, 9, 3, 6, 5, 10, 4, 6, 5, 7, 1, 6, 0, 7, 2, 11, 3, 9, 4, 8, 5, 6, 1, 7, 0, 9, 2, 8, 3, 10, 0, 11, 1, 9, 0, 10, 1, 11]
Score Track : [8.95928, 5.85544, 5.30508, 7.816640000000001, 6.83429, 7.015780000000001, 7.368880000000001, 7.20449, 5.83567, 8.744679999999999, 7.392140000000001, 7.78839, 10.33508, 10.49947, 9.39526, 4.99956, 5.70172, 8.851880000000001, 7.25101, 8.71904, 7.839900000000001, 7.006170000000001, 6.127030000000001, 7.691810000000001, 5.698970000000001, 5.018820000000001, 6.194890000000001, 5.4801400000000005, 6.54344, 6.54344, 10.195280000000002, 10.066980000000001, 8.38566, 8.77163, 3.6611800000000003, 5.3157499999999995, 4.76539, 8.47309, 7.436349999999999, 9.442960000000001, 11.110510000000001, 10.416860000000002, 10.6617, 13.286309999999999, 17.11432, 8.591840000000001, 12.20774, 12.61697, 11.096039999999999, -2.9637899999999977, 12.204250000000002, 11.4895, 11.73434, 12.36864, 12.36864, 12.838550000000001, 12.838550000000001, 14.083020000000001, 5.68882, 11.40654, 10.95346, -1.5437799999999995, 2.2444, 4.69434, 4.69434, 4.69434, 2.53371, 2.6981, 2.6981, 2.94294, -3.3350999999999997, -0.6586199999999998, -3.3350999999999997, 1.9833500000000002, 2.0638, 0.6796200000000003, -3.3350999999999997, -0.6586199999999998, -2.2234, -2.2234, -2.2234, -2.2234]

[Epoch 79/100]
P1 Score : 40, AI score :  8
Move History : [5, 11, 4, 7, 2, 7, 5, 8, 0, 6, 4, 11, 0, 8, 5, 9, 4, 6, 3, 10, 4, 8, 3, 10, 1, 7, 4, 10, 2, 11, 1, 6, 4, 10, 5, 11, 0, 6, 3, 6, 2, 9, 1, 11, 3, 7, 4, 10, 5, 6, 3, 8, 5, 7, 3, 8, 0, 9, 0, 11, 0, 10, 3, 11]
Score Track : [8.95928, 6.49833, 7.89908, 8.06347, 10.83174, 10.83174, 5.96264, 6.986400000000001, 5.446210000000001, 7.1473, 7.26168, 6.54693, 7.42258, 8.30172, 10.059999999999999, 6.2123, 6.99469, 7.970580000000001, 6.880529999999999, 10.17448, 5.4801400000000005, 5.916119999999999, 3.82208, 4.7886500000000005, 4.0739, 5.50689, 3.82208, -10.993229999999999, -10.993229999999999, -10.993229999999999, -15.00795, -12.331469999999998]

[Epoch 80/100]
P1 Score : 12, AI score : 36
Move History : [3, 8, 2, 10, 1, 6, 1, 7, 4, 6, 1, 9, 5, 11, 0, 6, 5, 11, 1, 6, 4, 7, 0, 6, 2, 6, 1, 10, 2, 11, 4, 6, 0, 7, 5, 6, 2, 7, 4, 11, 5, 9, 2, 11, 4, 6, 1, 6, 3, 9, 5, 8, 4, 6, 5, 8, 0, 10, 0, 9, 3, 11, 0, 6, 2, 7, 4, 11, 1, 10, 3, 8, 4, 6, 5, 8, 0, 9]
Score Track : [8.95928, 10.0063, 9.75797, 7.198300000000001, 11.774859999999999, 13.52635, 14.318060000000001, 5.7715000000000005, 5.7715000000000005, 4.89236, 7.23953, 7.58328, 7.3116900000000005, 7.3116900000000005, 8.06037, 6.55042, 6.714810000000001, 8.68749, 5.2307500000000005, 6.404210000000002, 9.79946, 8.35871, 7.00966, 6.704140000000001, 8.8941, 13.299220000000002, 10.56015, 8.569310000000002, 9.845400000000001, 8.05998, 12.375620000000001, 5.19039, 0.8689499999999999, 4.776610000000001, 4.2348, -6.875739999999999, 4.45638, 10.29484, 8.01147]

[Epoch 81/100]
P1 Score : 27, AI score : 21
Move History : [5, 10, 3, 8, 0, 9, 5, 6, 2, 7, 4, 8, 1, 11, 1, 7, 4, 6, 5, 6, 0, 9, 5, 10, 4, 7, 2, 11, 0, 7, 1, 6, 5, 7, 0, 8, 4, 7, 2, 10, 3, 7, 4, 8, 5, 11, 2, 7, 4, 10, 1, 11, 0, 6, 4, 9, 5, 7, 0, 6, 1, 7, 4, 10, 5, 11, 2, 7, 4, 8, 1, 6, 0, 7, 2, 11, 0, 8, 4, 9, 0, 10, 3, 6, 0, 7, 4, 9, 1, 10, 5]
Score Track : [8.95928, 11.71088, 12.39888, 12.45607, 15.228769999999999, 14.5092, 17.042910000000003, 6.2914200000000005, 6.861040000000001, 7.82812, 8.16757, 7.63698, 9.8665, 9.92718, 7.043590000000001, 4.13109, 5.17462, 6.90246, 3.82208, 4.07041, 7.181229999999999, 7.510009999999999, 9.92585, 5.14418, 6.3288400000000005, 6.22164, 5.36709, 3.9667000000000003, 3.74163, 0.10999000000000025, 8.956600000000002, -11.116999999999999, 12.971320000000002, 5.04527, 2.6981, -0.0776599999999994, 0.08673000000000064, -1.749319999999999, -4.4258, -1.749319999999999, -4.096489999999999, 1.9833500000000002, 3.6285800000000004, -1.3172399999999995, -2.655479999999999]

[Epoch 82/100]
P1 Score : 24, AI score : 24
Move History : [2, 11, 5, 7, 2, 8, 4, 8, 1, 6, 1, 7, 0, 11, 3, 9, 5, 10, 2, 9, 5, 10, 3, 8, 5, 10, 4, 11, 1, 8, 0, 9, 0, 6, 3, 6, 0, 7, 0, 9, 1, 8, 5, 10, 3, 7, 4, 7, 2, 7, 4, 10, 0, 11, 3, 6, 4, 6, 2, 8, 4, 9, 1, 6, 0, 7, 1, 8, 4, 11, 1, 6, 2, 8, 3, 9, 5, 10, 0, 8, 3, 6, 2, 11, 5, 6, 4, 7, 3, 6, 0, 11, 1, 9, 4, 11, 1, 7, 2, 8, 3, 11, 4, 6, 0, 7, 5, 6, 1, 7, 2, 8, 3, 9, 4, 11, 5]
Score Track : [10.52406, 6.432550000000001, 6.68567, 6.45311, 9.41881, 7.791880000000001, 9.15391, 7.6744, 7.47259, 8.98736, 10.030890000000001, 16.222369999999998, 9.264800000000001, 12.06661, 12.075000000000001, 5.89286, 6.60761, 6.60761, 6.772, 8.47309, 4.56088, 10.066980000000001, 7.33864, 11.363640000000002, 11.363640000000002, 10.581250000000002, 12.07839, 3.71119, 3.8755800000000002, 8.41967, 4.40268, 5.88937, 6.68806, -12.660779999999999, 3.9769799999999997, 2.5474800000000006, 4.05064, -12.2287, -10.005299999999998, 6.993580000000001, 5.95005, 3.82208, 1.7385100000000002, 4.05064, 3.58073, 3.8255700000000004, 5.20966, 2.94294, 8.60629, 8.60629, 8.60629, 2.14774, 2.0638, 3.3556600000000003, 4.50772, -0.7613899999999996, -0.7613899999999996, -2.0996299999999994]

[Epoch 83/100]
P1 Score : 28, AI score : 20
Move History : [3, 7, 0, 9, 3, 11, 1, 7, 0, 6, 2, 7, 1, 6, 3, 6, 2, 10, 2, 8, 1, 9, 1, 7, 0, 6, 2, 7, 5, 10, 4, 6, 1, 7, 3, 8, 3, 11, 0, 6, 1, 8, 4, 7, 5, 8, 2, 10, 4, 9, 5, 8, 0, 7, 4, 8, 2, 10, 1, 6, 4, 10, 5, 11, 3, 11, 0, 6, 5, 9, 1, 11, 3, 7, 4, 6, 5, 11, 2, 7, 5, 10, 0, 11, 1, 9, 3, 8, 0, 6, 4, 10, 5, 7, 3, 11, 4, 6, 5, 7, 2, 9, 5, 10, 3, 6, 4, 8, 0, 10, 5, 9, 1, 7, 2, 8, 3, 11, 1, 10, 2, 9, 4, 10, 5]
Score Track : [8.95928, 12.75441, 9.55216, 10.23597, 4.72797, 4.56707, 4.56707, 4.73146, 4.73146, 4.4598700000000004, 6.057250000000001, 6.60761, 3.6190599999999997, 10.39576, 2.0346900000000003, 8.30172, 8.217780000000001, 10.39227, 11.66087, 4.82568, 4.520159999999999, 7.972740000000001, 26.60126, 22.586540000000003, 14.81851, 16.4544, 9.983039999999999, 11.989650000000001, 11.82526, 12.04684, 12.21123, 10.774750000000001, 5.88937, 5.01023, 7.3574, 5.58385, 3.82208, 6.74636, 5.5034, 4.95304, 5.42295, 5.3157499999999995, 1.7255300000000005, 4.02738, 0.4727000000000001, 4.02738, 5.3157499999999995, 4.45638, 7.8239, 5.14742, 0.9061600000000003, 6.25912, 6.25912, 6.25912, 3.57724, 4.701219999999999, 3.82208, -3.3350999999999997, -3.3350999999999997, -3.3350999999999997, -3.3350999999999997, 1.8189600000000001]

[Epoch 84/100]
P1 Score : 20, AI score : 28
Move History : [4, 7, 3, 7, 0, 8, 0, 10, 1, 6, 1, 7, 5, 8, 2, 11, 1, 7, 2, 10, 3, 6, 4, 11, 1, 7, 5, 6, 0, 6, 5, 9, 2, 8, 1, 6, 3, 7, 4, 10, 0, 6, 1, 11, 1, 7, 4, 9, 5, 8, 2, 9, 0, 6, 3, 7, 1, 10, 0, 11]
Score Track : [10.52406, 11.546490000000002, 11.546490000000002, 11.62694, 13.11363, 10.529910000000001, 12.513259999999999, 17.20863, 7.01684, 6.137700000000001, 6.2914200000000005, 9.353340000000001, 7.691810000000001, 4.65062, 6.95247, 7.116860000000001, 4.3684400000000005, 6.11444, 5.17462, 5.33901, 4.4488900000000005, 6.76102, 2.0638, -6.6701999999999995, 2.6981, 2.6981, 3.74163, 3.82208, -4.4468, -4.4468]

[Epoch 85/100]
P1 Score : 18, AI score : 30
Move History : [4, 6, 0, 11, 2, 7, 3, 11, 5, 8, 5, 11, 2, 7, 0, 10, 3, 6, 5, 6, 2, 8, 3, 10, 4, 7, 5, 8, 0, 10, 1, 6, 3, 9, 1, 6, 5, 10, 1, 11, 2, 9, 4, 6, 5, 8, 0, 6, 4, 9, 5, 6, 2, 11, 3, 6, 5, 7, 1, 8, 0, 6, 5, 6, 4, 6, 3, 7, 4, 10, 1, 9, 3, 8, 2, 9, 5, 6, 3, 8, 0, 11, 0, 7, 3, 10, 3, 8, 1, 11, 4, 11, 5, 9, 0, 11, 2, 6, 3, 7, 5, 6, 4, 10, 1, 7, 3, 6, 5, 9, 2, 10, 3, 8, 4, 10, 5]
Score Track : [10.52406, 10.25247, 6.12836, 7.032920000000001, 7.85487, 9.56663, 5.676380000000001, 7.682989999999999, 7.1473, 7.1473, 7.86205, 7.1473, 9.39875, 8.07265, 8.48188, 10.41902, 9.40593, 7.829110000000001, 13.668810000000002, 11.75293, 3.6611800000000003, 6.33713, 4.7082, 5.42295, 5.19788, 5.83218, 6.077020000000001, 6.8466, 8.88129, 7.789890000000001, 5.60711, 5.60711, 5.7715000000000005, 7.67573, 5.805429999999999, 7.5672, 6.2071700000000005, 6.54344, 7.91575, 7.33864, 6.4595, 4.410970000000001, -10.108069999999998, 2.68512, 3.11082, 5.42295, -7.781899999999999, 4.02738, 2.6176500000000003, 2.0638, 3.0268800000000002, 3.0268800000000002, 7.8239, 3.57724, 3.57724, 7.8239, 3.80918, 4.69434]

[Epoch 86/100]
P1 Score : 34, AI score : 14
Move History : [1, 11, 4, 10, 1, 7, 2, 7, 5, 6, 4, 11, 1, 10, 3, 7, 4, 8, 0, 6, 5, 10, 1, 11, 4, 6, 1, 8, 2, 7, 2, 6, 1, 7, 3, 7, 2, 9, 2, 11, 3, 8, 5, 6, 0, 10, 4, 11, 3, 6, 2, 8, 4, 7, 5, 11, 0, 7, 1, 7, 5, 8, 2, 10, 1, 9, 2, 10, 1, 11]
Score Track : [8.08014, 7.789890000000001, 6.24141, 7.91924, 9.92585, 9.2111, 6.1408000000000005, 9.37549, 9.895410000000002, 8.613830000000002, 10.5334, 10.75498, 11.67162, 9.80132, 26.60126, 6.35928, 6.0537600000000005, 6.523669999999999, 6.35928, 5.82869, 3.25195, 6.137700000000001, 8.14431, 7.75485, 4.40268, 5.38686, 5.587339999999999, 5.75173, 3.2050400000000008, 13.19786, -2.5317099999999986, -2.5317099999999986, -6.546429999999999, -8.8936, -8.8936]

[Epoch 87/100]
P1 Score : 35, AI score : 13
Move History : [5, 9, 4, 11, 0, 6, 2, 7, 3, 9, 1, 10, 1, 7, 0, 8, 0, 6, 1, 9, 0, 10, 5, 6, 3, 7, 2, 10, 1, 11, 4, 7, 0, 9, 2, 10, 3, 9, 4, 6, 5, 8, 4, 10, 1, 6, 5, 6, 2, 7, 4, 9, 0, 6, 4, 7, 5, 11, 1, 10, 5, 8, 4, 7, 3, 6, 5, 6, 0, 9, 4, 10, 3, 7, 5, 6, 2, 11, 4]
Score Track : [8.95928, 11.092350000000003, 7.95428, 8.530280000000001, 6.704140000000001, 6.26816, 7.42607, 7.2415199999999995, 10.33857, 10.03305, 11.768070000000002, 12.12729, 11.55367, 12.66831, 13.05428, 6.51433, 6.82201, 8.47309, 9.689300000000001, 7.8387899999999995, 8.630500000000001, 11.496480000000002, 10.308330000000002, 12.655500000000002, 10.47272, 12.375620000000001, 11.10353, 10.8552, 11.10353, 6.48522, 5.38686, 3.82208, 4.52055, 4.35616, 3.1033300000000006, 4.90652, 5.15136, 3.9899600000000004, 3.6611800000000003]

[Epoch 88/100]
P1 Score : 27, AI score : 21
Move History : [0, 6, 5, 6, 4, 9, 2, 6, 0, 10, 1, 11, 4, 8, 5, 6, 3, 6, 2, 8, 3, 11, 4, 10, 5, 6, 0, 9, 4, 6, 1, 11, 3, 6, 5, 6, 0, 9, 2, 8, 4, 6, 1, 7, 4, 8, 0, 9, 0, 11, 0, 10, 0, 6, 1, 6, 5, 10, 4, 11, 5, 8, 0, 7, 3, 8, 5, 7, 1, 8, 3, 10, 4, 11, 0, 6, 2, 7, 4, 6, 3, 11, 1, 7, 2, 8, 4, 9, 5, 6, 1, 8, 4, 11, 5, 6, 2, 7, 3, 8, 4, 11, 5]
Score Track : [11.818080000000002, 12.475640000000002, 11.76089, 16.190820000000002, 15.8853, 10.476209999999998, 5.79076, 2.3830899999999997, 6.15347, 7.10078, 3.9088100000000003, 8.42768, 5.97331, 5.97331, 13.60474, 7.322360000000001, 3.42662, 6.55042, 6.8792, 6.55042, 6.386030000000001, 7.043590000000001, 6.27534, 7.23842, 8.36589, -1.2752999999999997, -2.528129999999999, -0.2159999999999993, 5.82869, 18.448050000000002, 3.74163, 2.86249, 5.446210000000001, 5.117430000000001, 4.81191, -7.658129999999998, 5.691050000000001, 4.23829, 3.9667000000000003, 4.68145, 4.37593, 3.4967900000000003, 3.8023100000000003, 4.90652, 5.27833, 4.701219999999999, 5.38686, 5.01372, 2.94294, 3.6844400000000004, 7.6372800000000005]

[Epoch 89/100]
P1 Score : 31, AI score : 17
Move History : [0, 6, 5, 9, 4, 7, 3, 11, 1, 6, 4, 7, 0, 8, 0, 6, 1, 7, 2, 6, 0, 7, 1, 10, 2, 6, 1, 7, 0, 8, 2, 9, 0, 7, 3, 8, 5, 8, 2, 6, 5, 8, 4, 6, 1, 8, 5, 7, 1, 11, 1, 7, 0, 6, 5, 6, 4, 6, 2, 8, 5, 6, 0, 7, 3, 7, 5, 9, 5, 11, 3, 8, 4, 7, 2, 10, 2, 6, 4, 11, 3, 8, 1, 11, 3, 9, 4, 10, 1, 11, 2, 7, 0, 9, 2, 6, 1, 7, 5, 9, 3]
Score Track : [11.818080000000002, 12.475640000000002, 10.688450000000001, 10.28817, 4.89585, 7.20798, 6.90246, 6.59694, 7.006170000000001, 6.734580000000001, 6.734580000000001, 6.734580000000001, 6.74525, 8.00451, 8.00451, 7.17025, 6.864730000000001, 8.46611, 11.60019, 9.83842, 10.717559999999999, 14.016029999999999, 13.110140000000001, 16.61286, 12.18958, 5.587339999999999, 6.95247, 6.95247, 6.459300000000001, 5.42295, 6.63087, 6.32535, 8.031260000000001, 6.16096, 8.14564, 4.40268, 3.8755800000000002, 4.34549, 5.75173, 6.265999999999999, 3.52354, 4.10783, 2.92317, 1.0912300000000004, 4.9869699999999995, 3.55747, 2.6981, 2.86249, 2.94294, 8.60036]

[Epoch 90/100]
P1 Score : 21, AI score : 27
Move History : [0, 9, 5, 10, 2, 6, 3, 7, 2, 11, 4, 10, 2, 9, 3, 8, 0, 10, 2, 11, 5, 6, 0, 9, 0, 7, 2, 11, 3, 7, 4, 8, 0, 6, 3, 7, 4, 11, 5, 6, 0, 7, 2, 10, 0, 8, 2, 9, 1, 6, 3, 11, 0, 10, 4, 7, 3, 6, 4, 11, 1, 10, 2, 6, 4, 7, 3, 8, 5, 7, 1, 8, 2, 6, 3, 10, 1, 9, 1, 7, 5, 10, 0, 11, 0, 6, 2, 6, 1, 7, 2, 8, 3, 6, 4, 6, 5]
Score Track : [11.818080000000002, 10.00281, 14.673890000000002, 10.69779, 8.80317, 5.018820000000001, 2.8581, 8.49635, 9.34874, 9.01996, 6.16096, 6.24141, 6.79177, 7.12055, 5.22543, 4.55609, 7.44933, 3.8268700000000004, 5.2949, 5.22463, 5.30508, 5.469470000000001, 0.8247400000000003, 7.26168, 8.437, 9.316139999999999, 4.003730000000001, 4.62077, 6.9679400000000005, 4.701219999999999, 2.94294, 9.21836, 6.16925, 3.500870000000001, 6.51433, 5.599620000000001, 4.94955, 5.419460000000001, 6.077020000000001, 5.79794, 5.6335500000000005, 5.3458000000000006, 2.5372000000000003, -0.1718799999999998, 2.80025, 2.80025, 2.80025, 3.91195]

[Epoch 91/100]
P1 Score : 40, AI score :  8
Move History : [2, 11, 5, 10, 3, 6, 1, 8, 5, 11, 3, 9, 2, 7, 2, 6, 3, 8, 1, 6, 2, 11, 3, 7, 2, 9, 4, 10, 0, 6, 2, 9, 5, 7, 0, 8, 3, 6, 5, 6, 0, 8, 4, 11, 3, 7, 0, 6, 1, 8, 5, 10, 0, 9, 3, 7, 5, 6, 0, 9, 4, 11, 5, 8, 1, 9, 0, 7, 2, 6, 4, 10, 5]
Score Track : [10.52406, 6.432550000000001, 8.68749, 7.61721, 6.5627, 5.530150000000001, 5.916119999999999, 4.4969, 3.533820000000001, 7.368880000000001, 8.55354, 5.446210000000001, 5.201370000000001, 0.9154700000000009, 2.875560000000001, 10.066980000000001, 11.989650000000001, 12.09685, 10.33508, 10.49947, 10.579920000000001, 11.787840000000001, 7.781599999999999, 4.13619, 5.587339999999999, 5.28182, 4.180400000000001, 6.60412, 6.35928, 8.36589, 6.36956, 4.15784, 5.17811, 6.22164, 4.715339999999999, 4.0739]

[Epoch 92/100]
P1 Score : 31, AI score : 17
Move History : [1, 9, 5, 8, 3, 10, 4, 9, 5, 11, 2, 9, 1, 7, 1, 11, 3, 9, 5, 10, 3, 8, 2, 6, 5, 10, 0, 7, 5, 8, 2, 9, 1, 6, 0, 7, 1, 8, 4, 8, 5, 10, 0, 6, 1, 7, 2, 6, 5, 6, 4, 9, 5, 8, 2, 6, 1, 7, 2, 10, 2, 8, 0, 9, 0, 10, 1, 11, 3, 10, 5, 7, 4, 7, 1, 9, 4, 11, 0, 6, 4, 7, 5, 8, 2, 6, 0, 7, 3, 11, 5, 8, 4]
Score Track : [8.08014, 12.514370000000001, 11.29467, 22.402070000000002, 17.764390000000002, 8.59207, 8.59207, 5.48324, 6.114049999999999, 7.040100000000001, 7.09729, 8.63748, 8.47309, 9.28406, 0.9398200000000001, 3.86299, 11.224890000000002, 12.92598, 12.62046, 12.375620000000001, 13.58354, 13.11363, 13.52286, 15.0037, 13.43892, 12.72417, 12.861810000000002, 14.9291, 14.62358, 14.318060000000001, 2.3495500000000002, 2.0440300000000002, 2.67833, 5.3425, -13.340399999999999, 4.601000000000001, 5.0709100000000005, 5.95005, 4.9188, -2.5317099999999986, -5.20819, 0.1447700000000003, 5.4801400000000005, 4.4888, 4.07041, 3.1912700000000003]

[Epoch 93/100]
P1 Score : 26, AI score : 22
Move History : [4, 7, 3, 8, 2, 6, 1, 6, 2, 11, 2, 7, 3, 10, 3, 7, 5, 7, 0, 11, 2, 6, 0, 10, 1, 6, 4, 9, 4, 6, 0, 8, 0, 7, 4, 10, 2, 6, 3, 7, 5, 6, 0, 10, 0, 8, 0, 7, 2, 8, 1, 9, 4, 9, 2, 7, 3, 10, 1, 11, 3, 6, 5, 8, 0, 7, 2, 7, 5, 11, 4, 6, 2, 7, 3, 9, 3, 8, 4, 6, 1, 8, 2, 11, 1, 6, 3, 9, 2, 10, 3, 7, 2, 11, 4, 10, 0, 7, 3, 8, 4, 6, 5, 10, 2, 6, 1, 7, 0, 8, 3, 9, 2, 11, 2, 10, 5, 6, 4, 7, 5]
Score Track : [10.52406, 11.546490000000002, 7.44663, 9.5289, 12.154040000000002, 3.2208100000000006, 0.7675500000000004, 5.99657, 4.900640000000001, 7.304200000000001, 5.3085700000000005, 7.315180000000001, 7.23124, 7.23842, 6.70783, 6.4595, 6.5517199999999995, 9.43268, 8.519300000000001, 7.90277, 11.21422, 10.965890000000002, 12.39539, 14.073220000000001, 12.88856, 13.22801, 15.47012, 14.06973, 16.4169, 16.63848, 4.07041, 6.51433, 8.63748, 8.63748, 5.99308, 4.62426, 5.89286, 6.189039999999999, 4.26155, 5.587339999999999, 5.587339999999999, 4.72797, 2.96969, 3.00362, 4.35267, 4.92629, 4.68145, 1.9029, -3.7671799999999998, -7.781899999999999, 3.00362, 3.90602, 4.62077, 7.0483899999999995, 9.61522, 1.5857800000000002, 6.7122, 1.1327000000000003, 3.91195, 3.91195]

[Epoch 94/100]
P1 Score : 15, AI score : 33
Move History : [4, 6, 2, 7, 4, 10, 0, 11, 0, 9, 3, 6, 5, 8, 0, 9, 1, 7, 4, 11, 2, 9, 0, 11, 2, 8, 4, 6, 3, 7, 4, 6, 5, 6, 0, 9, 0, 7, 3, 11, 4, 8, 1, 10, 3, 11, 1, 7, 5, 6, 4, 6, 0, 9, 0, 7, 4, 10, 5, 6, 2, 7, 4, 11, 5, 6, 3, 7, 5, 6, 4, 8, 3, 9]
Score Track : [10.52406, 12.87123, 12.425630000000002, 4.22681, 6.516489999999999, 4.89585, 7.3116900000000005, 8.68533, 7.91575, 9.12367, 8.283059999999999, 6.97942, 6.78592, 5.22114, 4.67078, 8.41834, 5.71431, 6.5808599999999995, 7.460000000000001, 16.10088, 7.7433700000000005, 5.293430000000001, 4.45638, 2.06729, 2.6981, 2.86249, 2.94294, 3.82208, -5.434729999999999, 4.45638, 4.701219999999999, -9.449449999999999, 2.69748, 2.69748, 9.38868, 9.38868, 2.69748]

[Epoch 95/100]
P1 Score : 16, AI score :  9
Move History : [1, 11, 2, 6, 0, 7, 5, 9, 1, 10, 0, 6, 1, 11, 2, 8, 3, 6, 0, 7, 1, 8, 0, 10, 0, 9, 1, 10, 3, 11, 4]
Score Track : [8.08014, 7.789890000000001, 7.5183, 4.31874, 4.89236, 7.28843, 7.697660000000001, 3.9667000000000003, 7.01684, 7.181229999999999, -21.67815, -21.67815, 8.19801, 3.6986, 3.3930800000000003]

[Epoch 96/100]
P1 Score : 11, AI score : 37
Move History : [4, 6, 2, 9, 3, 10, 1, 8, 5, 7, 2, 8, 0, 7, 2, 6, 1, 9, 5, 10, 4, 6, 0, 8, 2, 9, 3, 8, 5, 6, 4, 6, 0, 9, 2, 11, 0, 10, 1, 10, 2, 6, 3, 7, 0, 9, 0, 8]
Score Track : [10.52406, 12.87123, 16.83793, 9.650770000000001, 10.45974, 14.48245, 14.79146, 14.955850000000002, 12.61348, 14.398509999999998, 15.170449999999999, 15.2509, 16.194209999999998, 20.725189999999998, 19.48919, 19.48919, 19.65358, 20.67385, 3.7608900000000007, 5.117430000000001, 5.83218, 5.419460000000001, 0.2685399999999998, 5.6643]

[Epoch 97/100]
P1 Score : 23, AI score : 25
Move History : [0, 9, 1, 7, 3, 6, 0, 7, 5, 7, 4, 11, 2, 6, 3, 8, 0, 6, 4, 11, 5, 7, 0, 8, 1, 6, 2, 11, 0, 7, 2, 9, 4, 8, 3, 6, 5, 7, 2, 6, 1, 7, 4, 6, 3, 10, 4, 8, 1, 9, 0, 10, 3, 6, 2, 11, 5, 10, 4, 6, 2, 11, 0, 10, 1, 6, 5, 6, 2, 11, 3, 6, 5, 7, 3, 11, 1, 9, 2, 6, 5, 7, 3, 8, 4, 6, 0, 11, 1, 10, 5, 6, 1, 7, 2, 8, 3, 9, 4, 10, 0, 11]
Score Track : [11.818080000000002, 11.567590000000001, 10.00281, 10.03674, 14.841470000000001, 14.70034, 9.36964, 9.839550000000001, 7.368880000000001, 9.88044, 8.16757, 8.1569, 30.51321, 30.51321, 8.876470000000001, 5.932830000000001, 8.00451, 7.25101, 9.86866, 7.40791, 18.901130000000002, 24.25409, 8.83231, 3.2869900000000003, 0.6343000000000001, 0.29803000000000024, 8.44285, 9.1576, 4.78516, 6.0537600000000005, 10.274700000000001, 5.72847, 4.62077, 4.62077, 7.0483899999999995, 4.26288, 2.7587800000000002, 2.86249, 3.88625, 3.58073, 3.74512, 3.9899600000000004, 4.2348, 3.82208, 2.94294, 3.74163, 6.16925, 7.268050000000001, 5.929810000000001, 4.591570000000001, 3.0267900000000005]

[Epoch 98/100]
P1 Score : 27, AI score : 21
Move History : [5, 11, 2, 10, 5, 11, 0, 8, 0, 7, 3, 6, 4, 6, 3, 11, 0, 8, 3, 11, 2, 9, 3, 7, 5, 10, 1, 6, 5, 10, 4, 8, 1, 9, 1, 11, 1, 6, 4, 7, 5, 7, 0, 6, 5, 6, 1, 9, 4, 8, 3, 8, 0, 11, 2, 9, 3, 7, 4, 11, 1, 9, 4, 10, 4, 7, 2, 6, 5, 6, 3, 11, 4, 6, 2, 10, 5, 9, 3, 8, 0, 6, 2, 10, 4, 7, 3, 9, 1, 8, 2, 11, 5, 8, 0, 10, 3, 9, 5, 6, 4, 8, 2, 6, 3, 7, 5, 6, 0, 8, 4, 7, 5]
Score Track : [8.95928, 6.26816, 7.28843, 8.69711, 10.35035, 8.026440000000001, 10.44228, 9.586089999999999, 6.677390000000001, 7.47608, 7.006170000000001, 3.1388700000000007, 7.86205, 7.42258, 8.30172, 13.189559999999998, 15.70112, 10.858690000000001, 6.33713, 6.08051, 7.28843, 6.26816, 6.432550000000001, 6.16096, 6.87571, 7.52978, 7.3653900000000005, 8.04889, 4.493410000000001, 6.95965, 3.3930800000000003, 2.91568, -0.5763199999999995, 4.90652, 5.58385, 5.58385, 5.390350000000001, 4.154350000000001, 12.36422, 13.07897, 12.96695, 13.50101, 9.605360000000001, 0.9398200000000001, 0.46991000000000005, 3.59947, 4.19177, 3.99345, -6.11435, 1.8189600000000001, 3.0268800000000002, 2.86249, 5.29011, 3.0268800000000002, 2.94294, 2.86249]

[Epoch 99/100]
P1 Score : 24, AI score : 10
Move History : [4, 11, 5, 6, 0, 9, 5, 7, 2, 8, 0, 11, 3, 10, 2, 11, 3, 8, 5, 9, 0, 6, 4, 8, 2, 11, 3, 9, 2, 7, 2, 10, 0, 8, 5, 11, 4, 8, 1]
Score Track : [10.52406, 6.662720000000001, 7.15589, 10.833070000000001, 10.61016, 11.62694, 7.09011, 5.6643, 3.90602, 5.0043500000000005, 5.924910000000001, 10.783640000000002, 6.253690000000001, 7.83294, 6.81852, 0.8887200000000002, 5.515680000000001, 2.0788700000000007, -7.226049999999999]

[Epoch 100/100]
P1 Score : 21, AI score : 27
Move History : [1, 10, 5, 8, 3, 6, 4, 11, 1, 6, 2, 10, 2, 7, 2, 9, 1, 6, 2, 7, 5, 8, 3, 11, 4, 10, 0, 8, 5, 6, 3, 7, 2, 8, 5, 9, 4, 10, 5, 11, 1, 6, 3, 6, 5, 7, 0, 6, 3, 9, 4, 6, 5, 6, 2, 6, 1, 8, 3, 9, 4, 10, 0, 6, 2, 7, 3, 8, 5, 11, 4, 6, 0, 10, 1, 9, 5, 6, 2, 7, 3, 11, 4, 9, 0, 8, 5, 9, 1, 6, 3, 10]
Score Track : [8.08014, 13.257200000000001, 11.13028, 11.68413, 5.858930000000001, 6.68088, 6.90246, 4.908130000000001, 9.352229999999999, 7.09729, 7.26168, 8.87883, 2.6499900000000007, -0.8088799999999994, 6.057250000000001, 6.60761, -3.314099999999999, 6.60761, -6.11435, 5.64104, 2.2084200000000003, 1.2686000000000002, 1.7385100000000002, 2.5372000000000003, 3.00711, 2.2084200000000003, 2.3728100000000003, 2.6176500000000003, 7.041510000000001, 3.6285800000000004, 7.041510000000001, 4.04715, 3.82208, -2.3261699999999994, 3.57724, 1.8189600000000001, 2.0638, 2.94294, 5.47673, 5.47673, 5.47673, 0.12377000000000038, -3.8909499999999997, 2.14774, 5.47673, 5.47673]

P1 wins: 53, Tie :  6, Agent wins : 41