[Epoch  1/100]
P1 Score : 21, AI score : 27
Move History : [2, 9, 4, 6, 1, 11, 1, 8, 4, 7, 0, 7, 5, 7, 2, 6, 4, 11, 0, 8, 1, 11, 5, 7, 2, 8, 5, 6, 3, 6, 0, 9, 2, 10, 0, 7, 0, 9, 2, 10, 1, 7, 3, 8, 1, 11, 4, 9, 2, 11, 4, 8, 5, 9, 3, 10, 1, 11, 3, 7, 4, 8, 5, 11, 2, 6, 3, 8, 4, 9, 0, 10, 0, 6, 5, 10, 1, 11, 1, 9, 0, 10, 2, 7, 4, 6, 2, 10, 0, 8, 5, 8, 3, 7, 0, 6, 4, 11, 1, 9, 1, 6, 2, 6, 4, 6, 5, 7, 0, 11, 3, 10, 5, 9, 4, 10, 5, 8, 1, 9, 2, 11, 4, 10]
Score Track : [10.52406, 10.170689999999999, 9.922360000000001, 4.64752, 10.145070000000002, 8.27477, 6.81503, 7.284940000000001, 9.01411, 7.15908, 4.81191, 11.00206, 6.23423, 6.398620000000001, 7.452820000000001, 7.1473, 7.86205, 9.360520000000001, 10.56015, 11.43929, 8.85208, 11.363640000000002, 9.8991, 8.47309, 9.13894, 7.380660000000001, 6.82428, 4.965320000000001, 10.787930000000001, -0.16708999999999952, -11.87839, -0.4588399999999986, 6.24141, 5.52666, 5.691050000000001, 7.201, 7.25819, 8.98736, 8.05688, 3.74163, 4.78516, 10.19425, 7.61836, 7.1451400000000005, 7.61836, 7.5672, 7.09729, 8.2015, 8.44634, 2.8659800000000004, 2.44577, 3.08756, 3.08756, 4.07041, 3.90602, -3.9937199999999997, 3.57724, 3.74163, 0.9061600000000003, 0.9061600000000003, 0.9061600000000003, 0.6796200000000003]

[Epoch  2/100]
P1 Score : 23, AI score : 25
Move History : [4, 6, 2, 11, 0, 8, 4, 6, 1, 6, 0, 7, 1, 10, 3, 6, 0, 11, 4, 10, 0, 6, 5, 7, 2, 8, 1, 8, 3, 9, 1, 11, 4, 10, 5, 6, 3, 10, 0, 7, 3, 9, 1, 10, 3, 8, 2, 6, 1, 7, 0, 8, 4, 6, 1, 7, 3, 9, 5, 7, 2, 6, 3, 7, 4, 7, 5]
Score Track : [10.52406, 12.87123, 4.9763, 2.842330000000001, 6.29275, 6.3266800000000005, 4.92629, 7.31887, 7.013350000000001, 2.2080300000000004, 5.774990000000001, 9.080639999999999, 8.11038, 7.4651000000000005, 7.75512, 9.795390000000001, 4.39919, 3.90602, 5.0823, 4.701219999999999, -16.11965, 4.78516, 20.34214, 7.56371, 7.33864, 0.9398200000000001, 7.56371, 10.181360000000002, 0.9398200000000001, 7.97294, 11.735850000000001, 11.735850000000001, 11.735850000000001]

[Epoch  3/100]
P1 Score : 14, AI score : 34
Move History : [2, 9, 5, 7, 4, 6, 0, 6, 3, 6, 1, 6, 4, 11, 5, 6, 1, 8, 5, 7, 3, 7, 4, 9, 1, 8, 4, 6, 3, 9, 4, 11, 3, 7, 2, 6, 3, 9, 1, 11, 2, 10, 4, 6, 0, 9, 3, 7, 0, 6, 4, 9, 2, 6, 5, 6, 2, 9, 1, 11, 0, 7, 2, 10, 0, 8, 4, 9, 1, 10, 2, 6, 5, 7, 3, 8, 0, 11, 2, 9, 4, 10]
Score Track : [10.52406, 10.33508, 11.47283, 13.63355, 11.74132, 11.4358, 11.4358, 7.498140000000001, 10.76307, 9.807170000000001, 8.580290000000002, 9.29504, 9.92585, 9.2111, 9.92585, 9.2111, 5.69454, 6.04309, 6.5808599999999995, 6.5808599999999995, 4.91911, 9.16702, 9.41186, 8.01147, 5.6643, 8.79386, 5.82869, 7.91575, 10.4682, 7.80855, 4.29199, 7.42155, 9.27311, -12.2287, 7.70833, 7.17774, 8.936020000000001, 10.4845, 8.30172, 2.14774, 4.7886500000000005]

[Epoch  4/100]
P1 Score : 16, AI score : 32
Move History : [2, 9, 1, 7, 2, 6, 0, 8, 5, 7, 3, 10, 3, 11, 2, 8, 4, 7, 1, 6, 2, 7, 5, 6, 3, 11, 1, 9, 4, 8, 0, 7, 2, 10, 4, 8, 3, 11, 4, 6, 3, 7, 4, 8, 5, 6, 0, 10, 1, 11, 3, 8, 4, 10, 2, 6, 3, 8, 4, 7, 5]
Score Track : [10.52406, 9.75797, 9.922360000000001, 12.34998, 12.254259999999999, 13.60331, 13.167330000000002, 5.88937, 8.27128, 8.183340000000001, 8.43567, 6.932510000000001, 7.488360000000001, 6.29491, 4.8828700000000005, 3.6300400000000006, 7.66506, 5.19039, 7.42607, 5.01372, 4.95304, -13.999019999999998, 1.5497700000000005, 0.4380700000000006, 7.60074, 4.68145, 3.9667000000000003, 7.66292, 18.448050000000002, 9.942450000000001]

[Epoch  5/100]
P1 Score : 31, AI score : 17
Move History : [2, 9, 0, 6, 1, 7, 3, 6, 1, 7, 2, 11, 2, 6, 0, 7, 1, 8, 0, 6, 3, 6, 1, 7, 2, 8, 5, 8, 2, 9, 1, 6, 0, 10, 3, 11, 5, 10, 3, 6, 0, 9, 4, 6, 3, 10, 0, 7, 5, 8, 0, 10, 2, 6, 5, 7, 0, 8, 4, 7, 3, 6, 5, 6, 4, 7, 1, 10, 0, 7, 2, 11, 5, 10, 4, 11, 0, 7, 1, 8, 3, 10, 0, 11, 5, 6, 2, 9, 2, 8, 1, 6, 5, 9, 4, 11, 3, 10, 5, 6, 0, 11, 1, 7, 3, 6, 2, 6, 5, 6, 0, 7, 4, 6, 5, 11, 3, 10, 2, 6, 0, 7, 3, 8, 1, 10, 2, 9, 0, 10, 3, 11]
Score Track : [10.52406, 13.669920000000001, 13.914760000000001, 10.167200000000001, 10.50665, 14.895470000000001, 4.56707, 5.03698, 6.16445, 6.283930000000001, 4.37354, 6.183160000000001, 5.60605, 5.85544, 7.59395, 7.7583400000000005, 10.281380000000002, 12.31843, 4.68494, 5.39969, 5.09417, 10.09853, 12.03298, 9.782560000000002, 9.693290000000001, 14.04411, 12.64372, 13.52286, 12.88856, 14.975620000000001, 14.09648, 14.975620000000001, 14.09648, 14.43593, 14.657509999999998, 14.1876, 5.4801400000000005, 10.27123, 10.17448, 21.021760000000004, 6.98291, 7.9227300000000005, 13.98025, 12.415470000000001, 7.402810000000001, 5.11394, 5.99308, 7.88664, 7.165280000000001, 5.9850900000000005, 6.924910000000001, 0.38876000000000044, 3.55747, 2.86249, 3.3324000000000003, 5.0709100000000005, 3.3930800000000003, 3.55747, 1.9833500000000002, 2.6981, 2.94294, 1.1327000000000003, 1.1327000000000003, 1.1327000000000003, 1.1327000000000003, -5.5584999999999996]

[Epoch  6/100]
P1 Score : 20, AI score : 28
Move History : [2, 8, 3, 8, 5, 6, 4, 11, 1, 6, 2, 8, 5, 6, 0, 6, 1, 7, 1, 10, 1, 7, 2, 9, 4, 8, 2, 6, 4, 10, 3, 6, 4, 8, 0, 7, 3, 10, 0, 11, 2, 10, 1, 10, 0, 6, 5, 11, 4, 9, 5, 6, 0, 10, 1, 8, 3, 7, 0, 9, 1, 8, 5, 9, 2, 6, 3, 6, 4, 11, 2, 9, 5, 6, 1, 10, 1, 7, 2, 9, 3, 11, 4, 10, 5, 8, 1, 6, 2, 10, 3, 11, 4, 9, 0, 10, 1, 11, 5, 7, 2, 8, 0, 6, 3, 9, 4, 7, 5, 10, 1, 6, 2, 11, 0, 7, 1, 9, 3, 10, 4, 8, 2, 9, 5, 11, 3, 6, 4, 10]
Score Track : [10.52406, 10.170689999999999, 13.890170000000001, 12.67047, 6.845269999999999, 8.02059, 7.724410000000001, 7.8888, 9.01627, 10.11832, 7.788779999999999, 7.788779999999999, 10.942630000000001, 10.717559999999999, 13.064729999999999, 13.74793, 12.30196, 14.955850000000002, 10.080560000000002, 13.50639, -21.1223, 2.92317, 1.6289200000000004, 7.0740300000000005, 8.542060000000001, 5.82869, 5.580360000000001, 11.15384, 7.0740300000000005, 6.4555, 13.753710000000002, 12.18893, 12.18893, 12.18893, 12.18893, 3.6844400000000004, 3.8488300000000004, 9.28591, 6.16925, -3.8909499999999997, 5.47673, -1.2144699999999997, 2.6981, 3.91195, 3.91195, 3.91195, 2.0638, 1.18466, 3.91195, 1.65457, 1.1042100000000001, 1.1042100000000001, 2.53371, 1.18466, 1.9833500000000002, 3.91195, 3.91195, 2.0638, -0.1027699999999998, -2.7792499999999998, -0.1027699999999998, -0.1027699999999998, 3.91195, 0.79869, 1.18466]

[Epoch  7/100]
P1 Score : 18, AI score : 30
Move History : [1, 10, 4, 7, 0, 9, 5, 6, 2, 6, 0, 7, 2, 8, 1, 10, 4, 6, 0, 7, 3, 8, 2, 9, 3, 6, 4, 10, 5, 11, 0, 7, 3, 9, 0, 11, 4, 10, 1, 8, 4, 10, 5, 7, 0, 6, 4, 7, 2, 8, 3, 6, 1, 7, 3, 8, 2, 9, 1, 10, 1, 11, 5, 10, 2, 7, 4, 6, 1, 7, 3, 11, 2, 6, 3, 7, 0, 8, 2, 10, 1, 11, 3, 9, 2, 11, 4, 7, 5, 9, 3, 8, 4, 11, 0, 6, 1, 7, 2, 8, 3, 10, 4, 9, 5, 6, 1, 10, 2, 7, 3, 8, 4, 9, 5]
Score Track : [8.08014, 11.52803, 11.52803, 13.93558, 15.7778, 15.47228, 15.834990000000001, 12.640229999999999, 17.42888, 17.123359999999998, 15.86543, 16.49973, 15.55991, 16.93222, 18.851399999999998, 6.3987500000000015, 2.9282700000000004, 7.80619, 4.89585, 8.01147, 7.48675, 8.916250000000002, 7.25819, 7.33864, 4.069380000000001, 7.25819, 9.68581, 3.2869900000000003, 2.9814700000000003, 1.8796400000000002, 1.0967200000000004, 0.4727000000000001, 2.94294, 4.41335, 4.35267, 2.6981, 2.28887, 2.0638, -3.9937199999999997, -3.9937199999999997, 9.38868, -6.6701999999999995, -3.9937199999999997, 7.8239, 2.6981, 6.25912, 6.25912, 2.14774, 2.0638, -4.4468, -4.4468, -1.7703199999999997, 3.57724, 3.82208, 4.69434, 4.69434, 4.69434]

[Epoch  8/100]
P1 Score : 26, AI score : 22
Move History : [1, 7, 3, 9, 1, 10, 5, 8, 0, 9, 1, 10, 5, 11, 1, 7, 0, 9, 4, 7, 5, 6, 0, 9, 4, 10, 3, 9, 2, 11, 2, 6, 5, 7, 4, 11, 5, 7, 3, 10, 2, 11, 1, 6, 0, 6, 2, 7, 1, 8, 3, 6, 5, 10, 0, 8, 1, 9, 0, 11, 3, 10, 2, 7, 1, 6, 4, 6, 0, 7, 3, 9, 1, 8, 0, 11, 0, 10, 5, 6, 2, 7, 0, 8, 3, 9, 4, 10, 0, 11]
Score Track : [8.08014, 8.95928, 10.00281, 13.467, 13.4996, 14.049959999999999, 14.43593, 2.97448, 3.90602, 7.461110000000001, 7.461110000000001, 9.39556, 5.580360000000001, 7.952780000000001, 11.003309999999999, 6.60761, 6.27883, 3.5495900000000007, 5.42295, 1.0963300000000005, 6.49323, 8.6097, 9.57278, 11.27387, 24.25409, 8.38915, 8.60139, 12.734919999999999, 7.25819, 8.30172, 3.08756, 3.57724, 5.8089200000000005, 5.82869, 5.580360000000001, -0.4110799999999992, -5.76404, -5.76404, -6.11435, 3.16801, 2.94294, -5.002649999999999, 0.35031000000000034, -5.002649999999999, -5.002649999999999]

[Epoch  9/100]
P1 Score : 27, AI score : 21
Move History : [0, 11, 1, 6, 0, 7, 2, 9, 3, 6, 1, 10, 0, 6, 3, 7, 2, 8, 2, 6, 0, 8, 5, 8, 3, 9, 0, 10, 0, 11, 2, 8, 5, 7, 0, 6, 1, 11, 2, 9, 5, 10, 4, 9, 1, 7, 5, 6, 2, 9, 0, 7, 1, 8, 0, 11, 2, 7, 4, 9, 3, 6, 1, 10, 2, 11, 3, 9, 5, 11, 4, 6, 0, 8, 0, 6, 4, 11, 5, 8, 1, 9, 0, 10, 0, 7, 5, 6, 0, 9, 4, 7, 5, 6, 2, 8, 3, 6, 1, 7, 5, 9, 4, 10, 0, 8, 5, 11, 1, 6, 0, 7, 2, 9, 3, 6, 1, 7, 5, 8, 2, 10, 0, 6, 4, 6, 3, 7, 4, 11, 0, 9, 1, 10, 3, 11, 0, 8, 4, 9, 1, 10, 2, 11]
Score Track : [11.818080000000002, 7.0075, 6.73591, 5.91263, 7.91924, 8.85906, 7.86135, 9.631, 8.52679, 8.30172, 8.217780000000001, 11.82526, 4.19177, 3.88625, 4.29548, 3.9667000000000003, 3.74512, 3.9899600000000004, 7.81797, 5.699770000000001, 5.38686, 7.58697, 8.630500000000001, 10.977670000000002, 9.782560000000002, 10.6617, 3.44442, 1.5741200000000002, 2.0638, 2.8053, 5.446210000000001, 6.11095, 5.49991, 2.94294, 4.94955, 6.00835, 6.41758, 3.8255700000000004, 5.09417, 5.9441999999999995, 4.50772, 8.51642, 4.701219999999999, 5.56059, 6.35928, 2.7083800000000005, 3.8930400000000005, 6.35928, 4.78516, 4.701219999999999, 6.938739999999999, 5.37396, 6.05027, 5.805429999999999, 2.59439, 3.3930800000000003, -1.5437799999999995, 3.86299, 3.80918, 3.80918, -0.2055399999999996, 2.53371, 2.86249, 5.29011, 3.80918, 1.1327000000000003, 2.4709400000000006, -4.4468, -4.4468, -4.4468, -4.4468, -1.7703199999999997]

[Epoch 10/100]
P1 Score : 28, AI score : 20
Move History : [3, 11, 5, 6, 1, 9, 2, 8, 1, 11, 4, 7, 5, 10, 5, 11, 4, 6, 3, 8, 5, 6, 4, 10, 0, 6, 3, 7, 5, 11, 4, 8, 1, 11, 2, 6, 0, 9, 4, 10, 0, 7, 5, 10, 0, 11, 0, 6, 3, 6, 5, 7, 1, 6, 2, 8, 5, 6, 4]
Score Track : [8.95928, 8.30152, 6.18422, 7.452820000000001, 6.23392, 6.90246, 9.459430000000001, 9.845400000000001, 6.32535, 6.32535, 4.32902, 8.801870000000001, 4.57386, 10.759580000000001, 5.724590000000001, 6.11444, 17.665660000000003, 4.2150300000000005, 3.90951, 5.5034, 6.43973, -2.7015, 7.48675, 0.3008200000000003, 2.7587800000000002, 2.7587800000000002, -3.9937199999999997, -2.3261699999999994, 0.35031000000000034]

[Epoch 11/100]
P1 Score : 16, AI score : 32
Move History : [5, 6, 0, 7, 0, 8, 1, 11, 1, 6, 2, 6, 4, 6, 5, 8, 0, 7, 3, 8, 4, 10, 2, 6, 1, 9, 0, 8, 5, 8, 1, 10, 3, 9, 5, 11, 2, 7, 1, 8, 3, 10, 2, 9, 4, 8, 0, 11]
Score Track : [8.95928, 8.68769, 11.610859999999999, 13.63355, 7.23124, 7.510009999999999, 10.80396, 7.6744, 9.239180000000001, 9.76146, 8.5768, 8.83231, 8.52679, 6.80335, 9.674030000000002, 11.074420000000002, 13.121920000000001, 12.41998, 6.3138700000000005, 3.90602, -11.116999999999999, -11.116999999999999, 6.54344, 5.100960000000001]

[Epoch 12/100]
P1 Score : 16, AI score : 32
Move History : [3, 7, 4, 6, 1, 7, 2, 11, 3, 8, 5, 11, 1, 6, 3, 9, 1, 6, 3, 7, 2, 10, 2, 8, 5, 7, 0, 8, 2, 9, 0, 7, 1, 11, 5, 10, 3, 10, 4, 11, 5, 6, 0, 10, 3, 9, 1, 7, 5, 6, 2, 7, 0, 11, 4, 9, 0, 8, 3, 7, 1, 11, 2, 8, 4, 10, 3, 7, 5, 6, 0, 8, 4, 10, 2, 11, 3, 7, 0, 8, 2, 9, 1, 6, 5, 11, 2, 10, 3, 6, 5, 6, 4, 6, 5]
Score Track : [8.95928, 11.71088, 11.71088, 10.02956, 5.06024, 8.21409, 6.6202000000000005, 6.6202000000000005, 4.028990000000001, 8.580290000000002, 8.10689, 7.342130000000001, 8.22127, 7.58697, 12.647210000000001, 10.895719999999999, 13.05644, 8.031260000000001, 5.63519, 21.12453, 13.55584, 13.307509999999999, 11.05709, 7.1451400000000005, 10.358640000000001, 5.580360000000001, -8.769829999999999, 5.37405, 5.5384400000000005, 5.29011, -6.2171199999999995, 10.95346, 10.95346, 2.53371, 6.938739999999999, 6.938739999999999, 5.6005, 5.6005, 3.6285800000000004, -5.10542, 4.5684000000000005, 1.8189600000000001, 1.8189600000000001, 2.2444, 6.25912, 6.25912, 6.25912]

[Epoch 13/100]
P1 Score : 17, AI score : 31
Move History : [0, 8, 4, 9, 3, 7, 1, 7, 0, 11, 2, 9, 4, 7, 1, 6, 4, 11, 5, 6, 4, 10, 5, 6, 3, 9, 4, 7, 5, 6, 1, 7, 2, 8, 2, 11, 1, 10, 0, 7, 5, 8, 1, 9, 0, 10, 2, 7, 4, 6, 3, 10, 4, 9, 5, 10, 1, 6, 2, 7, 3, 8, 4, 11, 2, 10, 3, 7, 0, 8, 1, 9, 5, 6, 1, 8, 0, 7, 4, 6, 3, 11, 2, 10, 3, 9, 0, 11]
Score Track : [11.818080000000002, 8.59936, 11.70619, 11.04634, 17.30546, 5.93589, 7.14381, 7.20449, 7.6744, 6.26816, 6.26816, 7.81553, 7.26517, 6.3825400000000005, 8.581620000000001, 8.74601, 6.6707, 5.04377, 2.47652, 0.5799000000000003, -11.116999999999999, -11.116999999999999, -11.116999999999999, 6.35928, 5.33552, 7.42258, 8.13733, 14.309560000000001, 11.363640000000002, 11.44409, 1.8796400000000002, 3.9212900000000004, 1.9833500000000002, 2.94294, -10.005299999999998, -10.005299999999998, 3.74163, 5.38686, 0.08673000000000064, 5.564080000000001, 6.27883, 3.150560000000001, 3.82208, 4.701219999999999]

[Epoch 14/100]
P1 Score : 34, AI score : 14
Move History : [1, 6, 0, 10, 4, 6, 3, 8, 5, 9, 2, 11, 5, 7, 3, 6, 1, 7, 5, 11, 0, 7, 5, 6, 2, 8, 3, 11, 1, 9, 4, 10, 5, 8, 2, 9, 5, 6, 3, 6, 0, 10, 1, 11, 5, 6, 2, 8, 3, 6, 0, 7, 3, 10, 5, 6, 0, 8, 4, 9, 2, 8, 5, 6, 3, 10, 0, 7, 3, 8, 1, 6, 0, 9, 5, 10, 0, 6, 3, 8, 4, 11, 3, 7, 2, 9, 5, 8, 4, 7, 1, 6, 0, 7, 3, 8, 1, 11, 4, 9, 2, 10, 1, 11]
Score Track : [8.08014, 7.80855, 8.30172, 10.172020000000002, 14.2411, 13.11363, 8.85321, 7.74647, 7.040100000000001, 5.2921, 6.26816, 7.83294, 9.10154, 3.218120000000001, 1.9703700000000004, 7.9227300000000005, 9.95044, 8.87883, 9.73471, 9.57032, 9.264800000000001, 9.895610000000001, 4.52055, 3.6611800000000003, 3.90951, 4.7886500000000005, 4.2348, 4.31874, 4.70471, 5.92291, 5.6438299999999995, 8.93951, 9.595870000000001, 10.36901, 1.4097300000000001, 10.32011, 10.564950000000001, 8.13733, 8.42987, 9.096919999999999, 10.36552, 3.74163, 2.86249, 0.02100000000000035, 3.0268800000000002, 3.6611800000000003, 4.13109, 2.69748, 2.69748, -6.6701999999999995, 0.02100000000000035, -5.5584999999999996]

[Epoch 15/100]
P1 Score : 19, AI score : 29
Move History : [2, 11, 0, 10, 4, 11, 1, 8, 1, 7, 0, 10, 0, 11, 4, 6, 5, 8, 1, 9, 5, 10, 4, 7, 3, 9, 1, 11, 0, 10]
Score Track : [10.52406, 9.767389999999999, 9.53536, 10.42628, 10.27819, 8.81016, 8.41374, 4.211539999999999, 6.35928, 8.96626, 9.24503, 9.631, 9.24503, 8.37817, 3.66467]

[Epoch 16/100]
P1 Score : 19, AI score : 29
Move History : [5, 6, 0, 7, 1, 8, 0, 6, 5, 7, 1, 9, 2, 9, 5, 6, 3, 8, 4, 11, 3, 6, 0, 7, 3, 6, 0, 7, 2, 10, 4, 9, 2, 8, 2, 9, 5, 10, 4, 6, 1, 11, 3, 9, 5, 9, 4, 6, 2, 10, 5, 11, 4, 8, 2, 11, 5, 7, 2, 8, 5, 6, 4, 9, 5, 11, 0, 7, 5, 11, 3, 10, 1, 6, 2, 8, 5, 10, 3, 9, 4, 10, 1, 6, 2, 7, 0, 8, 3, 9, 0, 10, 4, 11, 3, 6, 0, 7, 1, 8, 4, 6, 5, 11, 2, 7, 4, 8, 5, 9, 3, 10, 0, 11, 2, 6, 0, 7, 1, 9, 4, 7, 3, 8, 5, 10, 2, 8, 3, 6, 0, 11, 4, 6, 1, 7, 2, 10, 0, 11, 0, 8, 3, 9]
Score Track : [8.95928, 8.68769, 9.42919, 13.87839, 14.04278, 14.28762, 13.654650000000002, 12.41865, 15.973740000000001, 16.592769999999998, 6.53975, 6.78459, 7.19731, 6.948980000000001, 8.58747, 9.01278, 8.74119, 8.79838, 11.21422, 10.942630000000001, 13.534640000000001, 4.154350000000001, 4.601940000000001, 4.64003, 4.8044199999999995, 6.795260000000001, 5.916119999999999, 6.30209, 6.22164, 6.22164, 6.386030000000001, 7.10078, 7.651140000000001, 6.55042, 4.2348, 2.64091, 2.86249, 5.29011, 2.6981, 3.41285, 5.49991, 6.21466, 6.4595, 0.46991000000000005, 0.9398200000000001, 0.6343000000000001, 1.4097300000000001, 0.9398200000000001, -1.2835799999999997, 1.63959, 4.35616, 4.4598700000000004, 8.60629, -6.11435, 8.60629, 3.1912700000000003, 4.82258, 1.5741200000000002, -1.8394299999999997, -0.7613899999999996, 3.25333, 1.9833500000000002, 7.041510000000001, 3.57724, 2.6981, 2.94294, 1.9833500000000002, 1.6885500000000002, 3.0267900000000005, -2.3261699999999994, -5.002649999999999, 3.0267900000000005]

[Epoch 17/100]
P1 Score : 19, AI score : 29
Move History : [0, 6, 5, 11, 0, 10, 4, 8, 5, 11, 3, 10, 2, 10, 4, 7, 2, 8, 5, 10, 1, 11, 2, 10, 0, 9, 4, 6, 3, 9, 1, 7, 2, 6, 5, 7, 4, 8, 3, 6, 4, 9, 2, 10, 5, 11, 1, 9, 5, 6, 2, 7, 5, 6, 4, 11, 3, 6, 5, 9, 4, 6, 0, 10, 1, 8, 0, 7, 5, 8, 1, 10, 2, 9, 3, 11, 0, 6, 5, 6, 1, 7, 3, 9, 4, 8, 5, 10, 2, 6, 4, 11, 5, 7, 3, 6, 4, 9, 5]
Score Track : [11.818080000000002, 12.475640000000002, 10.331390000000003, 6.655460000000001, 7.53327, 10.58238, 9.58559, 9.620330000000001, 9.654259999999999, 10.1135, 11.787840000000001, 7.363030000000001, 6.90246, 10.175510000000001, 9.48053, 8.95928, 10.80499, 17.109810000000003, 12.87123, 11.47084, 13.06955, 17.994970000000002, 11.65389, 7.65358, 6.41758, 17.994970000000002, 15.6478, 14.083020000000001, 7.10322, 4.75605, 3.3556600000000003, 6.85489, 3.82208, 4.701219999999999, 5.090680000000001, 5.14742, 5.14742, 3.80918, 1.8796400000000002, 2.0440300000000002, 1.4620100000000003, -1.2144699999999997, -3.8909499999999997, 5.47673, 2.53371, 2.94294, 3.91195, 3.91195, 3.91195]

[Epoch 18/100]
P1 Score : 13, AI score : 35
Move History : [3, 7, 4, 9, 2, 10, 1, 6, 5, 7, 3, 8, 0, 10, 0, 9, 2, 6, 5, 11, 3, 8, 5, 9, 4, 8, 1, 6, 4, 11, 3, 7, 1, 10, 5, 9, 1, 7, 3, 11, 2, 6, 5, 10, 3, 6, 4, 6, 5]
Score Track : [8.95928, 11.71088, 10.491980000000002, 13.04147, 10.3758, 12.45607, 15.6706, 10.941930000000001, 12.2807, 13.55679, 2.5494800000000004, 6.60761, 0.7100500000000012, 10.0683, 14.083020000000001, 3.41285, 3.41285, 3.57724, 3.74163, 2.86249, 6.15635, 10.17107, 10.17107, 10.17107]

[Epoch 19/100]
P1 Score : 14, AI score : 34
Move History : [2, 9, 3, 11, 1, 6, 1, 11, 2, 8, 1, 11, 4, 8, 1, 10, 5, 6, 1, 7, 2, 9, 4, 11, 0, 10, 5, 9, 4, 8, 5, 6, 2, 6, 4, 7, 1, 9, 1, 8, 3, 10, 3, 9, 2, 7, 3, 6, 1, 7, 3, 10, 4, 6, 5, 7, 2, 8, 3, 6, 4, 10, 2, 7, 5, 9, 3, 8, 4, 6, 5, 9, 0, 6, 1, 9, 2, 11, 5, 10, 3, 6, 5, 6, 4, 11, 5, 7, 3, 8]
Score Track : [10.52406, 10.0063, 5.3622700000000005, 7.70115, 2.65119, 10.10551, 4.418450000000001, 4.418450000000001, 8.71793, 10.41902, 9.70078, 9.42919, 5.8712100000000005, 5.6643, 8.27261, 8.94341, 11.48611, 10.724540000000001, 7.751359999999999, 11.989650000000001, 10.26181, 1.5741200000000002, 10.67104, 9.48638, 9.096919999999999, 1.8796400000000002, 12.53303, 16.10442, 13.824890000000002, 12.71319, 14.153670000000002, 13.733460000000001, 12.45737, 15.969140000000001, 13.81391, 14.69305, 16.37837, 16.13004, 21.90692, 4.39919, 14.86541, 14.86541, 14.86541, 9.28591, 10.62415]

[Epoch 20/100]
P1 Score : 20, AI score : 28
Move History : [5, 10, 1, 9, 3, 11, 3, 8, 4, 6, 2, 10, 4, 9, 2, 11, 5, 7, 4, 9, 1, 11, 5, 6, 3, 6, 0, 11, 2, 6, 5, 8, 2, 9, 3, 8, 0, 11, 5, 7, 3, 10, 0, 8, 4, 7, 1, 6, 3, 7, 1, 8, 1, 9, 2, 6, 3, 7, 0, 9, 4, 6, 2, 8, 1, 9, 5, 11, 1, 7, 3, 8, 4, 9, 2, 7, 1, 10, 2, 6, 3, 7, 4, 11, 1, 6, 2, 7, 5, 6, 0, 7, 3, 8, 4, 10, 1, 7, 5, 6, 2, 7, 0, 8, 2, 10, 4, 9, 2, 6, 4, 10, 5, 6, 3, 9, 4, 11, 0, 6, 3, 8, 2, 10, 4, 7, 5, 8, 3, 11, 4, 10, 5, 6, 1, 11, 2, 6, 5, 6, 4, 9, 3, 7, 0, 9, 4, 10]
Score Track : [8.95928, 9.75797, 11.544330000000002, 8.61666, 9.647079999999999, 10.254629999999999, 10.6406, 9.75048, 3.5101699999999996, 8.08363, 10.17418, 5.66779, 5.66779, 5.66779, 6.22164, 6.057250000000001, 1.6806200000000007, 6.08051, 5.75173, 5.69454, 6.40929, 7.220260000000001, 10.859820000000001, 10.291, 6.54344, 6.37905, 9.43268, 9.509640000000001, 9.096919999999999, 1.8796400000000002, 10.717559999999999, 10.445969999999999, 10.445969999999999, 14.012540000000001, 5.38553, 6.95031, 6.76133, 6.757840000000001, 8.10689, 8.22127, 9.10041, 8.38566, 0.41551000000000027, 3.11082, 5.83218, 5.83218, 5.446210000000001, 6.852449999999999, 7.0740300000000005, 7.95317, 7.6476500000000005, 7.6476500000000005, 9.080639999999999, 9.631, 11.224890000000002, 8.217780000000001, 10.4262, 9.016470000000002, 9.18086, 5.0709100000000005, 3.82208, 2.94294, 3.9667000000000003, -3.9937199999999997, 4.03572, 5.10595, 2.7820400000000003, 2.53371, 1.6885500000000002, 4.36503, 2.0638, 2.94294, -5.002649999999999, -0.9879299999999995]

[Epoch 21/100]
P1 Score : 30, AI score : 18
Move History : [0, 8, 1, 7, 2, 10, 3, 7, 1, 8, 0, 11, 0, 7, 2, 9, 4, 11, 3, 6, 2, 8, 0, 11, 4, 10, 5, 7, 0, 11, 1, 8, 2, 8, 4, 6, 3, 6, 1, 10, 2, 8, 5, 8, 0, 10, 4, 6, 5, 6, 2, 7, 5, 8, 0, 9, 1, 8, 3, 10, 2, 11, 2, 6, 0, 10, 3, 11, 1, 6, 3, 7, 5, 8, 4, 6, 5, 6, 0, 7, 1, 8, 2, 9, 0, 11, 2, 10, 0, 11]
Score Track : [11.818080000000002, 9.12367, 16.20926, 18.2335, 11.87896, 13.329360000000001, 2.25773, 7.2430200000000005, 6.805539999999999, 2.093340000000001, 3.82208, 3.6410200000000006, 3.8680900000000005, 5.49991, 7.613720000000001, 5.01023, 7.731590000000001, 11.05465, 12.88057, 9.80798, 11.59434, 10.35834, 14.197020000000002, 13.65251, 12.01291, 10.509749999999999, 8.82174, 11.439390000000001, 2.3495500000000002, 13.170819999999999, 2.3495500000000002, 2.86249, 5.29011, 3.57724, 2.6981, 2.94294, 3.74163, 11.469809999999999, 11.566559999999999, 11.15384, 5.164250000000001, 4.052550000000001, -0.1718799999999998, -0.30830999999999875, -5.002649999999999]

[Epoch 22/100]
P1 Score : 41, AI score :  7
Move History : [0, 11, 2, 8, 1, 7, 2, 9, 2, 6, 3, 6, 0, 7, 3, 6, 2, 11, 5, 6, 0, 11, 3, 10, 2, 11, 4, 8, 1, 6, 2, 10, 4, 6, 5, 7, 4, 10, 1, 6, 0, 7, 1, 11, 2, 6, 5, 6, 1, 9, 2, 8, 1, 6, 2, 10, 3, 6, 0, 7, 0, 8, 5, 11, 4, 10, 2, 9, 1, 9, 0, 8, 5, 8, 3, 6, 5, 6, 2, 11, 2, 9, 5, 8, 0, 10, 3, 6, 1, 9, 3, 7, 4]
Score Track : [11.818080000000002, 5.4427200000000004, 8.83342, 6.48625, 7.52978, 9.53639, 11.96401, 11.08487, 14.00937, 7.47957, 9.67383, 7.2665, 4.62077, 10.03787, 5.3157499999999995, 5.01023, 6.0305, 7.452820000000001, 7.23842, 7.788779999999999, 7.48326, 8.916250000000002, 7.498530000000001, 7.759670000000001, 7.92406, 7.3574, 6.51433, 4.701219999999999, 7.402810000000001, 5.26535, 5.99587, 8.64976, 7.15079, 8.75186, 6.993580000000001, 5.184899999999999, 8.14431, 4.15949, 6.37905, 8.024280000000001, 6.95164, 3.9667000000000003, 3.0268800000000002, 3.9667000000000003, 3.82208, 3.82208]

[Epoch 23/100]
P1 Score : 23, AI score : 25
Move History : [4, 7, 3, 9, 2, 11, 2, 8, 0, 7, 5, 9, 4, 10, 0, 6, 1, 11, 3, 6, 2, 10, 3, 6, 2, 11, 0, 8, 4, 6, 1, 7, 2, 11, 3, 9, 2, 7, 4, 11, 1, 9, 2, 6, 5, 9, 0, 11, 2, 6, 1, 10, 1, 7, 3, 6, 2, 11, 5, 6, 3, 8, 5, 11, 3, 10, 4, 8, 5, 7, 2, 11, 1, 8, 0, 6, 2, 9, 4, 6, 5, 6, 3, 11, 1, 6, 5, 6, 4, 10, 5, 7, 2, 6, 3, 7, 4, 8, 5]
Score Track : [10.52406, 11.546490000000002, 10.32759, 4.992070000000001, 5.988190000000001, 8.51961, 9.56314, 13.75386, 10.91003, 9.80828, 13.72372, 6.44322, 4.697220000000001, 5.72847, 2.3149200000000003, 4.41296, -14.32833, 8.61533, 4.07041, 4.07041, 2.5080600000000004, 14.98918, 7.0075, 7.95428, 7.07514, 6.3266800000000005, 4.701219999999999, 4.51706, 4.51706, 2.59439, 2.59439, 2.6981, 1.8189600000000001, 4.211539999999999, 2.94294, -2.655479999999999, 1.9029, -0.23455999999999966, 2.0638, 4.57774, 3.6986, 1.8189600000000001, 1.2354700000000003, 3.91195, 2.0638, 3.91195, 3.91195, 3.91195, 3.91195]

[Epoch 24/100]
P1 Score : 33, AI score : 15
Move History : [0, 9, 0, 6, 5, 7, 2, 9, 3, 9, 4, 7, 1, 8, 2, 6, 1, 7, 5, 6, 4, 9, 1, 6, 2, 11, 2, 6, 0, 7, 2, 10, 0, 9, 2, 7, 1, 8, 0, 9, 1, 10, 4, 7, 1, 6, 5, 8, 3, 6, 4, 8, 2, 6, 1, 7, 5, 8, 2, 7, 1, 11, 0, 6, 2, 10, 0, 11, 2, 8, 3, 8, 1, 9, 4, 8, 3, 9, 1, 11, 4, 10, 5, 8, 1, 6, 2, 9, 5, 8, 3, 7, 1, 8, 2, 9, 5, 6, 3, 7, 5, 6, 4, 11, 4, 10, 0]
Score Track : [11.818080000000002, 12.53283, 12.861610000000002, 12.590019999999999, 10.935450000000001, 13.35129, 12.42214, 16.037910000000004, 15.391830000000002, 31.2956, 28.948430000000002, 13.2406, 18.308320000000002, 5.492730000000001, 5.866110000000001, 8.37767, 7.124040000000001, 7.979920000000001, -19.454749999999997, -19.454749999999997, -19.454749999999997, 9.40942, 8.37817, 10.030890000000001, 13.11363, 12.997090000000002, 19.4206, 12.88989, 12.06661, 12.53652, 12.231, 6.459300000000001, 4.95304, 4.68145, 5.0709100000000005, 5.6106, 7.59528, 8.435970000000001, 5.37405, 5.63519, 4.75605, 5.748240000000001, 7.380660000000001, 9.72783, 6.73338, 5.57636, 7.322360000000001, 7.731590000000001, 7.89598, 7.670910000000001, 7.8353, 6.956160000000001, 3.35915]

[Epoch 25/100]
P1 Score : 26, AI score : 22
Move History : [5, 11, 4, 10, 2, 6, 4, 7, 0, 7, 1, 11, 1, 6, 2, 8, 3, 7, 2, 6, 4, 7, 5, 6, 2, 11, 3, 10, 0, 7, 1, 6, 5, 6, 4, 7, 5, 8, 0, 6, 3, 10, 2, 6, 5, 6, 0, 7, 3, 9, 0, 11, 0, 6, 2, 8, 4, 7, 3, 7, 4, 8, 1, 11, 3, 6, 5, 7, 2, 6, 4, 10, 2, 7, 4, 6, 5, 6, 1, 8, 3, 11, 5, 9, 0, 10, 0, 11, 3, 6, 0, 8, 5, 6, 1, 6, 5, 6, 4, 8, 2, 6, 5, 9, 3, 6, 5, 10, 4, 7, 1, 9, 3, 10, 5, 11, 0, 7, 1, 6, 2, 7, 4, 8, 5, 11, 1, 9, 3, 10, 2, 11]
Score Track : [8.95928, 6.49833, 7.781599999999999, 8.999799999999999, 8.69428, 9.34156, 5.446210000000001, 5.28182, 5.36576, 6.71614, 5.4801400000000005, 10.27123, 10.61631, 16.77868, 6.194890000000001, 28.948430000000002, 28.948430000000002, 7.47608, 5.25268, 4.14098, 6.442829999999999, 7.95317, 10.72587, 10.420350000000001, 11.360170000000002, 7.668209999999999, 5.2171400000000006, 2.7138700000000004, 6.3288400000000005, 4.36875, 4.36875, 5.3622700000000005, 7.70115, 7.040100000000001, 21.90692, 6.63087, 6.0305, 5.866110000000001, 6.194890000000001, 6.35928, 7.95317, 14.083020000000001, 4.07041, 4.62077, 3.55747, 3.25195, 4.80043, 5.04527, 2.6981, 2.92317, 2.92317, 3.08756, 12.51824, 12.51824, 4.68145, 4.62077, 3.90602, 5.33552, 2.6981, 1.8189600000000001, 2.0638, 1.8189600000000001, -3.8909499999999997, -2.7792499999999998, -2.7792499999999998, -0.1027699999999998]

[Epoch 26/100]
P1 Score : 17, AI score : 31
Move History : [3, 10, 2, 6, 5, 10, 4, 8, 1, 9, 0, 6, 1, 11, 5, 10, 3, 7, 3, 9, 2, 6, 3, 7, 1, 11, 1, 8, 4, 6, 0, 10, 5, 9, 2, 7, 0, 11, 2, 8, 4, 11, 5, 6, 3, 6, 5, 6, 1, 10, 3, 11, 1, 6, 5, 9, 2, 7, 0, 9, 2, 10]
Score Track : [8.95928, 9.67752, 11.68413, 13.22083, 12.001930000000002, 13.4996, 14.298290000000001, 6.8792, 4.248569999999999, 7.1323300000000005, 6.93639, 6.9329, -18.343049999999998, 1.02855, 0.013070000000000803, 2.784830000000001, 6.70383, 8.916250000000002, 9.573810000000002, 5.72847, -12.2287, 5.42295, 2.16351, 2.16351, 3.3556600000000003, 3.57724, 2.6981, 2.9240200000000005, 3.74163, 2.76906, 5.2353000000000005]

[Epoch 27/100]
P1 Score : 30, AI score : 18
Move History : [3, 10, 4, 11, 5, 9, 0, 11, 1, 9, 4, 6, 5, 6, 0, 11, 1, 7, 5, 9, 2, 8, 4, 9, 1, 6, 4, 10, 2, 8, 5, 8, 4, 9, 3, 11, 0, 6, 2, 10, 0, 7, 4, 6, 0, 7, 1, 7, 4, 11, 5, 10, 2, 6, 3, 6, 1, 11, 4, 9, 5, 6, 3, 10, 4, 8, 3, 10, 4, 9, 5, 11, 3, 9, 4, 7, 1, 11, 5, 8, 2, 8, 5, 9, 0, 6, 5, 6, 1, 11, 4, 10, 2, 11, 5, 6, 4, 8, 3]
Score Track : [8.95928, 11.71088, 7.20759, 10.78417, 9.479500000000002, 7.7583400000000005, 8.25151, 7.94599, 5.48524, 3.467650000000001, 6.87571, 10.591700000000001, 11.82526, 9.627510000000001, 10.6617, 14.03959, 10.62962, 15.881810000000002, 3.5200500000000003, 5.17811, 5.72847, 6.386030000000001, 4.248569999999999, 6.255180000000001, 8.25151, 7.81797, 7.585940000000001, 6.711320000000001, 6.711320000000001, 5.42295, 6.27883, 9.868960000000001, 6.993580000000001, 8.72275, 7.70833, 8.03711, 8.76128, 1.3004100000000012, -12.78455, 1.6916000000000002, 5.72847, 3.66467, -0.08176999999999968, -0.08176999999999968, -0.08176999999999968, 2.7015900000000004, -2.4289399999999994, -2.0996299999999994, 0.5768500000000003]

[Epoch 28/100]
P1 Score : 19, AI score : 29
Move History : [4, 11, 1, 6, 4, 9, 0, 11, 5, 11, 1, 8, 1, 7, 2, 7, 0, 9, 2, 11, 3, 9, 4, 8, 2, 6, 5, 6, 3, 10, 1, 11, 1, 7, 5, 11, 4, 9, 0, 7, 2, 8, 2, 6, 5, 11, 4, 9, 1, 11, 2, 10, 0, 11, 3, 8, 0, 6, 4, 11, 1, 8, 0, 7, 5, 6, 4, 7, 1, 9, 2, 8, 1, 10, 3, 9, 5, 10, 4, 11, 0, 7, 5, 8, 2, 6, 4, 7, 5, 6, 1, 7, 3, 8, 5, 9, 0, 10, 4, 6, 1, 7, 0, 11, 0, 8, 2, 9, 4, 10, 5, 7, 3, 6, 4, 7, 5, 8, 1, 10, 2, 6, 3, 9, 4, 7, 5]
Score Track : [10.52406, 5.85544, 9.56663, 6.48625, 7.33628, 30.1839, 6.62153, 6.97942, 6.97942, 6.84657, 8.02993, 8.35871, 8.90907, 8.82513, 4.362560000000001, 8.22127, 6.172740000000001, 7.20798, 4.9763, 7.53676, 11.60509, 2.410780000000001, 0.5172200000000005, 2.53371, 5.62127, 4.57774, 4.272220000000001, 3.74163, 2.86249, 3.0268800000000002, 2.14774, 1.9833500000000002, 7.556830000000001, 2.94294, -8.8936, 3.0268800000000002, 5.37396, 4.29199, 4.62077, 4.701219999999999, -0.7277299999999998, -0.5633399999999997, -0.5633399999999997, 2.7587800000000002, 2.3728100000000003, 7.041510000000001, 3.0267900000000005, 0.12377000000000038, 0.12377000000000038, 2.53371, 2.94294, -3.8909499999999997, -2.7792499999999998, -2.7792499999999998, -2.7792499999999998, 2.53371, 2.28887, 2.0638, 2.6981, 3.91195, 3.91195, 3.91195, 3.91195]

[Epoch 29/100]
P1 Score :  9, AI score : 39
Move History : [3, 8, 2, 11, 2, 6, 3, 9, 1, 7, 1, 6, 0, 11, 0, 6, 4, 7, 1, 11, 0, 9, 1, 8, 1, 6, 5, 11, 1, 9, 3, 11, 4, 9, 5, 6, 2, 11, 0, 8, 1, 7, 2, 9, 5, 8, 3, 7, 5, 6, 4, 6, 5]
Score Track : [8.95928, 10.0063, 5.6106, 6.08051, 3.5303299999999997, 5.294100000000001, 6.81503, 4.17761, 7.66506, 6.100280000000001, 3.171110000000001, 8.68749, 5.047260000000001, 10.99613, 6.3521, 7.086620000000001, 6.20748, 6.37187, 13.674520000000001, 12.795380000000002, 12.01299, 6.70065, 21.804150000000003, 16.7805, 18.118740000000003, 20.34214]

[Epoch 30/100]
P1 Score : 27, AI score : 21
Move History : [0, 7, 3, 10, 4, 10, 2, 6, 4, 7, 0, 8, 2, 6, 4, 11, 4, 6, 1, 10, 4, 8, 0, 11, 0, 10, 5, 6, 1, 8, 3, 9, 2, 7, 4, 6, 5, 6, 3, 9, 0, 6, 3, 7, 5, 6, 2, 7, 0, 8, 0, 10, 3, 11, 5, 9, 1, 11, 2, 7, 3, 9, 5, 6, 4, 6, 2, 10, 1, 7, 3, 8, 2, 9, 4, 10, 3, 11]
Score Track : [11.818080000000002, 11.15703, 14.31919, 14.01952, 14.15716, 12.489609999999999, 15.120239999999999, 15.28463, 5.88219, 7.731590000000001, 7.95317, 9.51795, 6.880529999999999, 8.71208, 9.28007, 10.01009, 5.580360000000001, 5.82869, 6.8722199999999996, 9.21939, 7.0366100000000005, 10.48799, 7.20449, 8.024280000000001, 2.0346900000000003, 3.6986, 12.07492, 2.52422, 5.25856, 2.0638, 2.6981, 1.9833500000000002, 4.94955, 10.960339999999999, 7.1451400000000005, 4.03572, 4.03572, -2.655479999999999, 0.02100000000000035]

[Epoch 31/100]
P1 Score : 32, AI score : 16
Move History : [4, 6, 3, 10, 4, 6, 5, 9, 0, 11, 3, 6, 2, 6, 3, 7, 4, 6, 3, 7, 0, 11, 4, 8, 2, 10, 3, 9, 1, 6, 0, 11, 4, 6, 1, 7, 3, 10, 4, 8, 0, 6, 5, 11, 4, 9, 3, 10, 2, 7, 3, 11, 5, 6, 0, 7, 1, 6, 5, 8, 2, 10, 0, 9, 3, 6, 1, 7, 2, 10, 4, 10, 0, 8, 3, 11, 5]
Score Track : [10.52406, 14.43601, 14.493200000000002, 13.41197, 11.824869999999999, 6.7380700000000004, 6.7380700000000004, -0.5944799999999995, 3.56257, 7.01684, 7.42607, 6.54693, 5.83218, 6.79177, 7.58697, 9.68581, 3.4967900000000003, 1.7422399999999998, 6.55042, 3.8023100000000003, 3.9667000000000003, 0.7006200000000007, -3.314099999999999, -8.33775, 3.8023100000000003, 3.0268800000000002, 1.76177, 2.45326, 2.6981, 2.86249, 2.86249, 6.38289, 7.54394, 7.7211300000000005, 7.7211300000000005, 6.37905, 7.0938, 6.21466]

[Epoch 32/100]
P1 Score : 21, AI score : 27
Move History : [4, 7, 1, 10, 5, 7, 0, 9, 4, 6, 5, 6, 0, 10, 2, 6, 4, 7, 0, 10, 0, 8, 0, 6, 3, 8, 4, 7, 0, 10, 2, 8, 4, 9, 3, 10, 0, 11, 5, 6, 1, 10, 3, 7, 2, 6, 5, 7, 0, 8, 5, 10, 3, 11, 4, 7, 2, 10, 1, 8, 3, 7, 5, 7, 0, 8, 1, 9, 5, 10, 2, 8, 4, 9, 5, 10, 3, 6, 2, 11, 0, 8, 2, 10, 4, 7, 3, 8, 0, 9, 5, 10, 1, 6, 4, 11]
Score Track : [10.52406, 11.30645, 10.520030000000002, 13.45419, 13.6068, 13.6068, 13.30128, 16.32816, 14.37874, 17.1001, 18.529600000000002, 18.22408, 17.91856, 17.03942, 17.67372, 16.592460000000003, 17.86855, 2.3830899999999997, 2.6279300000000005, 6.103770000000001, 7.55786, 8.726220000000001, 7.75485, 9.26829, 9.187840000000001, 9.080639999999999, 9.53639, 4.334510000000001, 5.15136, 5.866110000000001, 7.759670000000001, 7.92406, 7.23842, 14.76264, 9.38031, 7.25819, 7.42258, 9.76975, 8.607240000000001, 8.217780000000001, 2.94294, -0.2055399999999996, 2.94294, 3.41285, 3.41285, 3.16801, 3.41285, 4.29199]

[Epoch 33/100]
P1 Score :  8, AI score : 40
Move History : [0, 6, 1, 10, 0, 8, 4, 7, 0, 9, 4, 8, 3, 9, 0, 11, 2, 9, 4, 8, 5, 6, 4, 11, 2, 7, 4, 8, 5, 6, 0, 10, 4, 11, 0, 7, 5, 10, 1, 7, 0, 8, 2, 7, 4, 6, 3, 6, 4, 11, 5]
Score Track : [11.818080000000002, 11.51256, 8.13733, 9.48638, 13.22083, 9.18086, 13.663989999999998, 13.358469999999999, 7.9227300000000005, 12.14367, 13.74208, 12.26124, 6.36787, 5.647630000000001, 4.214639999999999, 3.90912, 8.08363, 4.81191, 6.55042, 8.96626, 7.94599, 8.49635, 6.523669999999999, 10.175510000000001, 7.012290000000002]

[Epoch 34/100]
P1 Score : 32, AI score : 16
Move History : [0, 8, 1, 6, 3, 6, 0, 7, 4, 10, 5, 7, 2, 11, 5, 6, 1, 10, 0, 6, 5, 11, 4, 6, 5, 6, 2, 9, 2, 8, 3, 11, 3, 8, 4, 6, 0, 10, 0, 7, 5, 9, 1, 8, 4, 9, 1, 7, 2, 11, 5, 10, 3, 8, 0, 6, 2, 9, 4]
Score Track : [11.818080000000002, 9.12367, 10.47272, 10.47272, 12.45607, 15.636669999999999, 15.227440000000001, 7.80835, 6.103770000000001, 5.6137, 5.4493100000000005, 5.55341, 5.7178, 5.7178, 15.112950000000001, 12.61009, 4.005730000000001, 6.06368, 6.06368, 3.358450000000001, 6.7380700000000004, 5.6643, 7.1451400000000005, 8.28195, 6.8722199999999996, -3.5406399999999993, 2.6981, 2.53371, 2.94294]

[Epoch 35/100]
P1 Score : 31, AI score : 17
Move History : [3, 11, 0, 8, 2, 7, 4, 8, 3, 11, 1, 9, 1, 6, 4, 7, 0, 6, 2, 11, 3, 6, 4, 6, 1, 9, 5, 10, 2, 9, 3, 10, 4, 8, 5, 7, 1, 6, 4, 11, 5, 8, 0, 10, 2, 8, 4, 6, 1, 9, 0, 10, 1, 7, 5, 6, 2, 10, 5, 11, 2, 6, 3, 7, 4, 9, 5, 10, 1, 11]
Score Track : [8.95928, 9.18066, 8.628140000000002, 7.80835, 7.724410000000001, 9.76043, 9.471210000000001, 7.14381, 7.61721, 7.14381, 4.50639, 6.0711699999999995, 9.613669999999999, 9.98415, 9.76975, 10.91003, 13.189559999999998, 10.91937, 9.74699, 11.02308, 4.154350000000001, 7.625500000000001, 5.6643, 6.711320000000001, 5.580360000000001, 11.263420000000002, 10.67453, 9.959779999999999, 7.25819, 8.217780000000001, 1.8189600000000001, 4.29548, 8.69711, 5.23181, -2.4289399999999994]

[Epoch 36/100]
P1 Score : 32, AI score : 16
Move History : [3, 6, 1, 7, 5, 9, 4, 8, 2, 6, 1, 9, 0, 7, 3, 10, 2, 11, 3, 7, 0, 8, 5, 8, 0, 10, 0, 6, 0, 8, 1, 11, 4, 11, 0, 9, 1, 8, 0, 6, 4, 11, 3, 7, 0, 6, 3, 9, 5, 6, 0, 7, 1, 8, 3, 11, 2, 6, 1, 7, 5, 8, 3, 6, 4, 7, 2, 6, 3, 11, 0, 7, 5, 10, 4, 11, 2, 8, 3, 6, 1, 9, 4, 10, 1, 11]
Score Track : [8.95928, 8.68769, 10.47272, 15.55622, 13.93209, 14.09648, 14.811230000000002, 14.34132, 16.63848, 6.08051, 5.79076, 7.156380000000001, 7.1473, 8.24802, 8.49286, 8.996699999999999, 6.68806, 5.8089200000000005, 6.84311, 4.56358, 4.56358, 7.29325, 3.5393100000000004, 2.8190700000000004, 5.93589, 6.5808599999999995, 6.27534, 24.25409, 4.50639, 9.613669999999999, 5.38553, 6.0711699999999995, 6.348610000000001, 6.348610000000001, 6.348610000000001, 5.469470000000001, 5.469470000000001, 5.866110000000001, 5.2027, 4.10783, 3.8023100000000003, -5.10542, -6.6701999999999995]

[Epoch 37/100]
P1 Score : 36, AI score : 12
Move History : [1, 9, 4, 11, 5, 8, 3, 11, 5, 10, 0, 6, 1, 7, 2, 9, 5, 9, 2, 6, 0, 10, 4, 6, 2, 9, 3, 8, 5, 6, 1, 7, 1, 9, 0, 6, 4, 6, 5, 7, 3, 6, 5, 10, 3, 11, 5, 7, 4, 8, 2, 6, 4, 9, 0, 11, 0, 10, 5, 9, 0, 7, 2, 9, 1, 8, 5, 11, 1, 9, 4, 6, 5, 6, 3, 9, 5, 10, 4, 7, 5, 9, 1, 7, 3, 6, 2, 11, 1, 6, 0, 10, 4]
Score Track : [8.08014, 12.34998, 6.734580000000001, 8.613830000000002, 8.87514, 10.358640000000001, 8.63748, 7.6476500000000005, 12.87123, 10.688450000000001, 10.722380000000001, 13.640730000000001, 16.28275, 17.29257, 20.83136, 14.59098, 10.636410000000001, 15.103769999999999, 16.54974, 15.277649999999998, 17.26449, 17.42888, 17.61437, 5.63519, 7.781599999999999, 7.9227300000000005, 8.63748, 5.124219999999999, 4.361260000000001, 4.62077, 5.58385, 7.09729, 8.340250000000001, -9.325679999999998, -9.325679999999998, 5.89286, 6.057250000000001, 6.16096, 5.691050000000001, 3.8930400000000005, 4.527340000000001, 4.527340000000001, 4.78516, 4.78516, 3.00711, 1.9186700000000005]

[Epoch 38/100]
P1 Score : 31, AI score : 17
Move History : [2, 10, 1, 8, 0, 9, 2, 6, 0, 7, 3, 10, 2, 6, 5, 6, 0, 7, 2, 9, 0, 8, 3, 10, 5, 7, 4, 10, 2, 6, 0, 7, 1, 10, 4, 9, 2, 7, 0, 8, 3, 6, 0, 8, 4, 6, 5, 6, 1, 9, 2, 11, 3, 10, 1, 7, 5, 9, 3, 6, 0, 10, 3, 6, 4, 10, 5, 11, 5, 6, 0, 7, 2, 7, 5, 9, 4, 10, 1, 6, 4, 11, 5, 6, 3, 6, 5, 6, 1, 7, 4, 8, 5, 9, 3, 7, 4, 10, 2, 8, 3, 9, 0, 10, 2, 11]
Score Track : [10.52406, 9.593580000000001, 10.91003, 10.613850000000001, 12.92598, 12.31494, 13.170819999999999, 16.385350000000003, 16.50483, 3.9143300000000005, 16.93222, 17.42539, 17.48258, 19.18367, 19.89842, 19.81448, 19.56615, 20.2809, 23.671599999999998, 20.445289999999996, 22.36796, 22.284019999999998, 21.65321, 23.74027, 24.72794, 28.948430000000002, 7.5789800000000005, 3.5910100000000003, 4.248569999999999, 4.47015, 8.14431, 5.33552, 8.98736, 1.4097300000000001, 5.04527, 5.29011, 6.77444, -7.884669999999999, 3.8023100000000003, 4.35267, 4.35267, 2.59439, 2.7587800000000002, 2.92317, 3.86299, 1.7255300000000005, 1.74879, 4.76539, -7.781899999999999, -6.6701999999999995, 0.02100000000000035, 0.02100000000000035, -2.655479999999999]

[Epoch 39/100]
P1 Score : 26, AI score : 22
Move History : [0, 10, 1, 11, 5, 7, 3, 9, 5, 11, 3, 10, 4, 10, 1, 8, 2, 8, 0, 9, 1, 10, 3, 6, 4, 7, 3, 11, 3, 10, 4, 11, 5, 7, 0, 8, 4, 9, 3, 10, 4, 7, 2, 6, 0, 9, 5, 10, 3, 7, 4, 10, 5, 6, 1, 8, 5, 10, 3, 11, 2, 9, 5, 7, 4, 10, 3, 7, 4, 6, 1, 7, 2, 8, 3, 10, 5, 11, 2, 6, 3, 7, 1, 8, 2, 10, 3, 11, 4, 9, 5]
Score Track : [11.818080000000002, 10.74564, 7.2967200000000005, 7.12537, 5.6643, 3.90602, 6.21815, 6.9329, 11.856810000000001, 13.29329, 12.375620000000001, 10.939139999999998, 11.060500000000001, 10.285070000000001, 3.0268800000000002, 2.2813800000000004, 5.89286, 5.67128, 1.821750000000001, 2.5364999999999998, 1.426800000000001, 6.0537600000000005, 4.942060000000001, 7.17774, 7.8924900000000004, 0.9398200000000001, 6.6164, 7.97294, 2.66899, 3.1389000000000005, 1.65457, 3.86299, 2.7587800000000002, 3.88276, 2.6981, 2.94294, -4.4468, -4.4468, 6.25912, 1.8189600000000001, 2.0638, -4.4468, 0.9061600000000003, 6.25912, 4.69434]

[Epoch 40/100]
P1 Score : 12, AI score : 36
Move History : [3, 9, 5, 7, 2, 9, 3, 6, 4, 10, 2, 7, 1, 7, 0, 6, 4, 10, 1, 11, 3, 9, 1, 11, 5, 10, 3, 6, 5, 8, 0, 7, 4, 8, 0, 7, 1, 11, 0, 10, 0, 8, 3, 6, 5, 7, 4, 10, 0, 11, 2, 10, 3, 7, 1, 9, 3, 8, 5, 8, 4, 8, 0, 9, 0, 11, 0, 10, 1, 7, 4, 7, 0, 8, 3, 9, 4, 11, 5, 6, 2, 11]
Score Track : [8.95928, 11.87527, 10.98515, 9.78951, 11.96251, 14.016029999999999, 15.25788, 15.638000000000002, 15.47361, 17.12818, 7.95777, 5.66779, 7.040100000000001, 7.731590000000001, 7.731590000000001, 7.751359999999999, 10.7478, 11.70739, 12.116620000000001, 6.59694, 6.65413, 7.28843, 6.7380700000000004, 6.3521, 7.3116900000000005, 7.15079, 6.92572, 8.638810000000001, 7.751359999999999, 10.717559999999999, 17.75907, 19.2271, 12.44673, 6.68221, 6.34994, 8.79386, 10.358640000000001, 4.94955, 6.46299, 4.39919, 3.82208]

[Epoch 41/100]
P1 Score : 40, AI score :  8
Move History : [1, 10, 2, 9, 5, 8, 2, 7, 0, 6, 3, 6, 2, 10, 1, 7, 4, 8, 3, 11, 1, 8, 2, 9, 0, 11, 2, 10, 0, 11]
Score Track : [8.08014, 11.52803, 11.187470000000001, 10.24016, 12.997090000000002, 14.398509999999998, 14.43244, 16.71893, 15.80475, 17.18055, 6.49323, -17.7872, -15.563799999999999, -15.563799999999999, -15.563799999999999]

[Epoch 42/100]
P1 Score : 30, AI score : 18
Move History : [1, 10, 5, 8, 2, 6, 5, 8, 0, 11, 0, 6, 4, 11, 1, 6, 3, 11, 2, 9, 1, 6, 3, 7, 3, 6, 5, 9, 1, 6, 2, 6, 4, 8, 0, 6, 1, 10, 3, 11, 4, 9, 5, 8, 3, 6, 1, 7, 2, 8, 5, 9, 0, 10, 2, 11]
Score Track : [8.08014, 13.257200000000001, 11.13028, 12.695060000000002, 10.613850000000001, 4.92978, 6.09628, 5.55341, 8.194320000000001, 6.375360000000001, 6.5736799999999995, 7.20798, 5.93589, 4.50639, 8.60355, 8.29803, 9.262440000000002, 7.47259, 8.33914, 8.13733, 4.84933, 5.89286, 5.89286, 3.7554000000000003, 4.94955, -11.116999999999999, -11.116999999999999, -11.116999999999999]

[Epoch 43/100]
P1 Score : 11, AI score : 37
Move History : [5, 6, 2, 6, 3, 6, 4, 6, 0, 7, 3, 6, 0, 9, 1, 8, 2, 9, 4, 9, 5, 7, 0, 6, 1, 9, 2, 11, 4, 8, 2, 11, 3, 10, 5]
Score Track : [8.95928, 12.08884, 11.30645, 11.40536, 12.039660000000001, 11.09984, 11.133769999999998, 10.72105, 10.201130000000001, 12.41865, 14.670100000000001, 14.50571, 16.93704, 28.845660000000002, 8.52576, 7.12537, 5.492730000000001]

[Epoch 44/100]
P1 Score : 24, AI score : 24
Move History : [5, 6, 4, 9, 0, 6, 1, 7, 2, 8, 3, 7, 4, 11, 5, 6, 0, 10, 3, 7, 4, 11, 5, 8, 0, 9, 2, 6, 0, 11, 3, 7, 1, 6, 4, 8, 0, 6, 4, 9, 5, 9, 0, 8, 1, 6, 2, 10, 3, 7, 5, 9, 4, 11, 0, 10, 5, 6, 3, 7, 1, 8, 2, 9, 5, 6, 0, 7, 3, 8, 4, 10, 5, 11, 0, 9, 1, 10, 3, 11]
Score Track : [8.95928, 12.08884, 13.740750000000002, 37.55472, 10.72105, 12.41865, 12.41865, 9.18066, 9.83822, 10.95055, 10.1135, 4.486230000000001, 3.680050000000001, 6.32186, 6.05027, 4.56358, 5.60711, 6.62153, 4.992070000000001, 5.70172, 6.2355599999999995, 4.835170000000001, 4.67078, 9.613669999999999, 4.62077, 7.7211300000000005, 3.80918, -5.5584999999999996, 3.16801, 2.94294, -5.5584999999999996, -5.5584999999999996, 3.3324000000000003, 2.2207000000000003, -5.5584999999999996, 3.74163, 2.01786, -3.3350999999999997, -3.3350999999999997, -3.3350999999999997]

[Epoch 45/100]
P1 Score : 27, AI score : 21
Move History : [3, 9, 1, 6, 0, 9, 2, 7, 3, 8, 3, 9, 1, 10, 5, 7, 4, 9, 5, 6, 0, 6, 1, 10, 2, 11, 0, 6, 4, 8, 3, 11, 5, 11, 0, 6, 2, 6, 1, 7, 4, 8, 4, 10, 4, 7, 5, 6, 1, 8, 0, 11, 1, 9, 5, 10, 1, 11, 3, 6, 5, 6, 0, 8, 2, 7, 0, 8, 3, 11, 5, 6, 1, 9, 5, 10, 0, 7, 1, 9, 4, 10, 5, 7, 2, 9, 4, 8, 3, 11, 2, 6, 1, 9, 4, 6, 3, 7, 2, 10, 4, 8, 3, 9, 5, 6, 0, 8, 2, 7, 4, 6, 5, 9, 1, 7, 0, 10, 2, 11, 0, 8, 1, 10, 3, 7, 5, 8, 2, 11, 3, 9, 4, 6, 5, 7, 0, 8, 1, 9, 2, 10, 0, 6, 1, 7, 3, 8, 2, 11, 3, 9, 1, 10, 0, 11]
Score Track : [8.95928, 9.75797, 10.00281, 10.167200000000001, 10.201130000000001, 7.257490000000001, 9.637789999999999, 12.697420000000001, 13.57656, 16.87852, 17.37169, 33.64277, 19.440289999999997, 4.07041, 4.62426, 9.13065, 5.91263, 7.774420000000001, 6.3521, 6.0465800000000005, 6.59694, 8.5231, 9.29504, 11.87527, 10.04023, 12.2845, 4.29548, 6.16096, 7.23842, 4.78516, 3.4389, 3.1333800000000003, 6.30209, 7.52578, 6.4767600000000005, 4.20436, 5.08483, 4.29199, 7.70833, 7.402810000000001, 8.03711, 11.735850000000001, 11.735850000000001, 5.044650000000001, 5.044650000000001, 1.9833500000000002, 3.6285800000000004, 2.7820400000000003, 3.6285800000000004, 1.0299300000000002, -8.33775, -8.33775, 1.8189600000000001, 2.0638, 2.0638, 2.06729, 2.23168, 3.8023100000000003, 4.272220000000001, 4.9869699999999995, 3.2286900000000003, 3.5826400000000005, 3.5826400000000005, 3.91195, 3.91195, -2.7792499999999998, 1.8189600000000001, 2.6981, 1.9833500000000002, 3.91195, 3.91195, 2.53371, 3.91195, 3.91195, 3.91195, -2.7792499999999998, -2.7792499999999998, -2.7792499999999998]

[Epoch 46/100]
P1 Score : 27, AI score : 21
Move History : [1, 11, 3, 6, 4, 6, 5, 8, 3, 11, 0, 6, 4, 8, 2, 6, 5, 6, 1, 9, 5, 11, 3, 10, 4, 6, 5, 6, 0, 11, 0, 9, 2, 10, 0, 11, 1, 7, 5, 6, 3, 9, 2, 8, 2, 9, 1, 7, 4, 10, 0, 7, 1, 11, 0, 8, 1, 9, 3, 8, 4, 6, 2, 6, 3, 7, 4, 9, 0, 8, 1, 10, 0, 9, 1, 10, 3, 6, 2, 7, 5, 10, 3, 8, 1, 7, 0, 10, 1, 6, 4, 6, 2, 11, 4, 7, 3, 8, 4, 10, 1, 9, 5]
Score Track : [8.08014, 9.35467, 9.20658, 8.60355, 8.66074, 8.194320000000001, 8.5231, 7.91206, 11.13141, 11.78897, 9.29504, 6.90246, 7.979920000000001, 8.14431, 8.63748, 6.714810000000001, 6.386030000000001, 7.10078, 0.18844000000000038, 4.78516, 8.17586, 11.566559999999999, 6.8722199999999996, 7.976430000000001, 7.26168, 3.9108099999999997, 6.528460000000001, 4.35616, 6.057250000000001, 1.4125200000000002, 5.564080000000001, 5.25856, 4.95304, 5.19788, 3.90602, 6.82919, 4.761900000000001, 6.6648000000000005, 7.54394, 7.23842, 7.25819, 7.97294, 7.0938, 7.25819, 12.51824, 8.276980000000002, 8.276980000000002, 2.0638, -6.6701999999999995, -1.3172399999999995, -3.9937199999999997]

[Epoch 47/100]
P1 Score : 33, AI score : 15
Move History : [0, 6, 3, 11, 3, 10, 5, 7, 2, 7, 5, 11, 1, 7, 3, 6, 2, 11, 5, 9, 5, 10, 4, 9, 5, 7, 0, 10, 0, 6, 3, 11, 4, 8, 2, 9, 3, 6, 1, 11, 3, 10, 4, 8, 5, 9, 1, 6, 0, 9, 1, 11, 3, 7, 2]
Score Track : [11.818080000000002, 8.90558, 4.56358, 7.914720000000001, 8.35871, 6.7771, 6.103770000000001, 6.81852, 6.81852, 6.40929, 7.3737, 7.918980000000002, 5.72259, 7.16307, 7.572300000000001, 8.66074, 2.3149200000000003, -13.896249999999998, 4.0396600000000005, 4.37593, 1.4329900000000002, 3.57724, 6.3825400000000005, 6.46299, 6.70783, 6.8722199999999996, 5.17462]

[Epoch 48/100]
P1 Score : 10, AI score : 38
Move History : [2, 11, 4, 6, 2, 7, 1, 6, 5, 6, 0, 6, 3, 8, 4, 6, 0, 11, 0, 9, 3, 7, 1, 11, 5, 6, 4, 6, 2, 8, 0, 11, 4, 6, 2, 7, 3, 6, 2, 7, 3, 8, 4, 10, 4, 7, 5, 10, 0, 8, 1, 8, 3, 7, 2, 6, 3, 9, 2, 7, 3, 11, 3, 9, 2, 10, 5, 7, 2, 9, 4, 10, 0, 11, 5, 6, 4, 7, 0, 10, 1, 7, 3, 6, 2, 11, 1, 7, 4, 6, 2, 7, 3, 8, 3, 7, 0, 11, 4, 8, 1, 6, 5, 9, 3, 11, 2, 10, 3, 6, 0, 11, 4, 6, 5, 7]
Score Track : [10.52406, 6.26816, 10.116990000000001, 4.35228, 8.90558, 8.90558, 8.44595, 12.590019999999999, 12.918800000000001, 12.29392, 10.009789999999999, 6.26467, 7.182340000000001, 7.749, 10.015720000000002, 5.8787, 7.900580000000001, 4.52565, 6.0465800000000005, 7.23124, 8.58747, 7.09011, 7.6744, 8.49635, 10.724540000000001, 24.25409, 17.56289, 24.25409, 24.25409, 10.553170000000001, 10.38878, 3.3556600000000003, 5.8672200000000005, 8.60036, 6.0888, 7.59395, 6.4767600000000005, 2.5707400000000002, 5.38686, -4.199259999999999, 4.68145, 4.68145, 4.68145, 2.92317, 3.08756, 3.08756, 3.25195, 2.86249, 3.0268800000000002, 3.0268800000000002, 2.39607, 5.83218, 6.3825400000000005, 6.938739999999999, 4.62077, 4.701219999999999, 3.8023100000000003, 3.8023100000000003]

[Epoch 49/100]
P1 Score : 28, AI score : 20
Move History : [5, 10, 3, 7, 2, 6, 4, 7, 3, 6, 5, 11, 5, 10, 4, 9, 3, 6, 0, 7, 2, 10, 0, 11, 2, 6, 4, 7, 1, 6, 3, 8, 4, 6, 1, 8, 3, 10, 1, 11, 4, 7, 0, 7, 1, 8, 2, 6, 5, 10, 4, 8, 5, 7, 3, 7, 0, 8, 5, 11, 1, 9, 3, 7, 5, 11, 0, 8, 4, 7, 5, 9, 1, 8, 2, 11, 0, 7, 4, 9, 3, 6, 5]
Score Track : [8.95928, 11.71088, 10.100520000000001, 11.70739, 10.67963, 12.36495, 6.36787, 7.2545, 0.6421900000000007, 2.07518, 10.281380000000002, 11.21904, 5.55341, 6.0465800000000005, 5.83218, 8.665560000000001, 5.99308, 7.927530000000001, 6.2986, 6.80754, -0.6729299999999996, -1.784629999999999, 4.92739, 3.079680000000001, 6.523669999999999, 7.95317, 9.68234, 11.08273, 9.68234, 4.05672, 4.803220000000001, 5.72847, 6.057250000000001, 3.99345, 3.52354, -7.781899999999999, 8.276980000000002, 8.276980000000002, 2.8053, 2.96969, 2.4193300000000004]

[Epoch 50/100]
P1 Score : 17, AI score : 31
Move History : [4, 10, 1, 9, 4, 7, 2, 9, 1, 6, 4, 11, 5, 10, 3, 6, 1, 9, 5, 10, 1, 11, 2, 6, 0, 9, 3, 8, 2, 6, 4, 6, 3, 7, 2, 8, 4, 6, 3, 7, 5, 11, 1, 6, 5, 7, 3, 10, 1, 9, 1, 8, 3, 9, 1, 10, 4, 11, 0, 7, 3, 9, 2, 11, 1, 9, 2, 7, 4, 9, 5, 11, 0, 8, 3, 11, 5, 7, 4, 6, 5]
Score Track : [10.52406, 9.593580000000001, 9.979550000000001, 13.22216, 11.65738, 11.24815, 6.795260000000001, 10.774550000000001, 8.85867, 11.21904, 11.769400000000001, 6.7380700000000004, 7.37237, 8.580290000000002, 7.91924, 11.29816, 11.768070000000002, 11.768070000000002, 10.486490000000002, 12.892050000000001, 14.04278, 7.6744, 9.239180000000001, 6.00685, 10.82159, 6.0537600000000005, 5.580360000000001, 8.44634, 10.36901, 3.90951, -18.343049999999998, 5.72847, 2.94294, 2.0638, 5.8672200000000005, 4.761900000000001, 3.88276, 5.05675, 11.735850000000001, 11.735850000000001]

[Epoch 51/100]
P1 Score : 20, AI score : 28
Move History : [0, 11, 2, 9, 0, 6, 2, 10, 3, 9, 1, 6, 3, 8, 3, 9, 0, 7, 4, 9, 3, 11, 5, 7, 1, 9, 2, 7, 3, 7, 5, 6, 4, 7, 1, 6, 5, 6, 0, 8, 5, 6, 3, 7, 1, 10, 3, 8, 2, 6, 4, 6, 5, 9, 1, 7, 1, 6, 0, 8, 5, 11, 4, 9, 3, 7, 4, 8, 1, 9, 2, 11, 3, 10, 3, 11, 4, 6, 2, 7, 1, 8, 2, 9, 3, 10, 0, 6, 5, 8, 1, 10, 4, 6, 2, 7, 3, 8, 5, 9, 1, 11, 3, 10]
Score Track : [11.818080000000002, 5.4427200000000004, 4.965320000000001, 6.52018, 7.42258, 8.83231, 7.72061, 10.564950000000001, 8.45313, 11.67315, 12.784849999999999, 8.43916, 5.7715000000000005, 6.18422, 5.469470000000001, 6.40929, 7.781599999999999, 7.66722, 7.8316099999999995, 8.465910000000001, 7.697660000000001, 11.13141, 29.73082, 22.586540000000003, 26.60126, 13.034510000000001, 17.89324, 17.52704, 15.179870000000001, 14.76715, 11.26792, 4.410970000000001, 3.41285, 3.41285, 3.41285, 4.35267, 2.12448, 1.65457, 3.16801, 3.16801, 5.78566, 5.4801400000000005, 5.17462, 3.88276, 5.6643, 9.38868, 6.21466, 6.4595, 0.46991000000000005, 9.38868, 6.37905, 1.5741200000000002]

[Epoch 52/100]
P1 Score : 25, AI score : 23
Move History : [0, 9, 1, 6, 4, 10, 0, 6, 2, 8, 5, 6, 0, 8, 1, 6, 5, 6, 3, 6, 5, 6, 2, 10, 1, 8, 3, 7, 4, 9, 1, 6, 0, 7, 2, 8, 5, 11, 0, 6, 4, 9, 5, 7, 2, 10, 0, 7, 4, 6, 5, 6, 3, 9, 4, 11, 3, 7, 5, 6, 2, 8, 1, 6, 0, 9, 2, 11, 3, 10, 3, 7, 0, 8, 3, 10, 1, 9, 0, 11, 4, 11, 2, 10, 0, 6, 5, 8, 0, 9, 0, 7, 2, 6, 1, 11, 0, 6, 3, 8, 1, 9, 2, 11, 5, 10, 4, 7, 0, 6, 5, 8, 2, 11, 0, 6, 1, 7, 4, 8, 5, 6, 2, 9, 3, 6, 4, 7, 5, 9, 0, 6, 1, 10, 0, 8, 1, 9, 2, 7, 3, 10, 4, 8, 5]
Score Track : [11.818080000000002, 11.567590000000001, 10.167200000000001, 9.895610000000001, 10.059999999999999, 13.58354, 15.28463, 12.47933, 12.64372, 15.999380000000002, 16.28807, 20.04764, 16.54974, 13.91911, 17.95249, 16.70715, 16.13004, 19.054319999999997, 18.9586, 7.174049999999999, 7.8316099999999995, 10.00394, 6.114049999999999, 4.85812, 7.793880000000001, 7.5672, 10.617339999999999, 13.04496, 6.30209, 6.59694, 6.63087, 7.284940000000001, 7.201, 13.39004, 7.07514, 4.62077, 7.42956, 5.64453, -17.7872, -17.7872, -15.563799999999999, 0.8696500000000005, 1.42001, 4.305759999999999, 4.70471, 5.419460000000001, 2.6327199999999995, 4.15949, 4.05064, 2.64091, 13.30063, 3.9899600000000004, -1.5437799999999995, 2.53371, 2.28887, 3.16801, 2.45326, 1.7385100000000002, 1.4620100000000003, -3.8909499999999997, 5.47673, 5.47673, 2.6981, 2.94294, 2.86249, 3.0268800000000002, 2.94294, 3.82208, 3.82208, 5.47673, 5.47673, 5.47673]

[Epoch 53/100]
P1 Score : 16, AI score : 32
Move History : [2, 6, 4, 6, 3, 7, 0, 10, 1, 6, 2, 9, 2, 11, 4, 6, 0, 7, 5, 7, 1, 9, 3, 8, 2, 6, 1, 9, 5, 7, 4, 7, 3, 11, 2, 6, 1, 7, 3, 8, 5, 6, 2, 9, 1, 7, 4, 10, 2, 11]
Score Track : [10.52406, 10.52406, 14.43601, 10.59918, 10.22788, 10.22788, 10.12068, 4.13109, 5.0709100000000005, 7.70115, 6.54693, 11.35432, 7.3653900000000005, 7.3993199999999995, 21.90692, 19.55975, 8.408919999999998, 3.13408, 12.971320000000002, 3.16801, 4.543810000000001, 4.35267, 3.9434400000000003, 4.81191, 4.62077]

[Epoch 54/100]
P1 Score : 23, AI score : 25
Move History : [3, 6, 2, 11, 1, 8, 0, 9, 4, 11, 5, 11, 0, 6, 3, 7, 1, 7, 5, 8, 1, 10, 1, 8, 4, 7, 5, 6, 0, 7, 3, 9, 4, 7, 3, 10, 0, 11, 3, 8, 2, 9, 4, 11, 1, 8, 4, 9, 2, 10, 5, 11, 3, 10, 2, 8, 3, 9, 4, 6, 0, 6, 2, 7, 3, 10, 0, 11, 4, 8, 2, 6, 3, 7, 4, 8, 5, 10, 1, 8, 2, 6, 3, 9, 5, 11, 4, 7, 5]
Score Track : [8.95928, 10.52406, 6.6576200000000005, 4.56358, 9.51662, 7.66506, 9.287860000000002, 7.8888, 10.69787, 8.35535, 8.570640000000001, 6.09279, 4.92629, 6.257180000000001, 5.951660000000001, 8.36589, 4.95434, -16.6755, 6.07832, -0.8640699999999994, -6.6491999999999996, 6.11444, -11.116999999999999, -11.116999999999999, -11.116999999999999, 3.74163, 1.2686000000000002, 2.45326, 3.00362, 3.3324000000000003, 4.68145, 4.68145, -4.54957, -7.226049999999999, 1.8189600000000001, 1.65457, 2.0638, 2.53371, 5.20966, 5.92441, 4.97763, 6.16925, 4.62077, 3.12956]

[Epoch 55/100]
P1 Score : 16, AI score : 24
Move History : [2, 11, 3, 6, 4, 9, 2, 10, 4, 8, 3, 9, 1, 11, 4, 6, 0, 10, 0, 8, 3, 6, 5, 11, 2, 7, 0, 9, 3, 11, 2, 10, 3, 6, 5, 6, 1, 10, 2, 6, 4, 8, 2, 7, 1, 11, 3, 10, 5, 11, 4, 8, 0, 11, 0, 8, 2, 7, 5, 6, 0, 7, 3, 8, 1, 9, 4, 10, 3, 11, 5, 7, 3, 8, 1, 6, 4, 8, 0, 7, 5, 9, 3, 11, 5, 8, 1, 6, 2, 6, 3, 8, 4, 10, 5, 11]
Score Track : [10.52406, 6.26816, 7.23124, 7.452820000000001, 7.8387899999999995, 4.11223, 4.067710000000001, 5.916119999999999, 7.043590000000001, 8.14431, 8.85906, 13.826020000000002, 1.174780000000001, 9.402239999999999, 8.88232, 8.443450000000002, 6.16096, 5.99657, 10.52303, 7.17774, 9.95044, 11.06161, 8.9443, 6.16445, 4.41496, 5.85544, 6.523669999999999, 4.663290000000001, 5.69454, 6.523669999999999, 6.21815, 6.21815, 6.852449999999999, -7.884669999999999, 5.805429999999999, 1.7255300000000005, 2.6981, 3.1715, 3.33589, 3.50028, -7.781899999999999, -3.7671799999999998, 3.1715, 2.69748, 3.80918, 3.80918, 7.8239, 5.30641]

[Epoch 56/100]
P1 Score : 12, AI score : 36
Move History : [3, 8, 5, 6, 4, 11, 1, 10, 1, 7, 2, 6, 4, 8, 0, 6, 2, 9, 5, 8, 3, 6, 5, 8, 4, 6, 2, 8, 0, 10, 0, 11, 5, 6, 0, 9, 1, 9, 2, 6, 5, 11, 4, 8, 3, 7, 3, 11, 4, 6, 5, 6, 1, 8, 2, 9, 4, 10]
Score Track : [8.95928, 9.40903, 12.53283, 7.694770000000001, 7.94599, 5.140690000000001, 6.60872, 4.10744, 7.45415, 7.39347, 7.42607, 7.42607, 8.44049, 11.05709, 9.38031, 9.930670000000001, 2.9622, 3.4321100000000007, 4.92978, 4.4598700000000004, 4.62426, 3.8255700000000004, 4.4598700000000004, 4.07041, 3.1912700000000003, 5.79958, 6.95164, 10.62415, 3.9329500000000004]

[Epoch 57/100]
P1 Score : 42, AI score :  6
Move History : [4, 10, 3, 7, 2, 11, 2, 10, 5, 11, 3, 6, 5, 6, 4, 7, 0, 10, 4, 9, 3, 11, 5, 8, 5, 10, 3, 6, 1, 11, 1, 10, 4, 8, 5, 9, 2, 6, 3, 7, 2, 8, 3, 11, 1, 9, 3, 10, 1, 11]
Score Track : [10.52406, 11.546490000000002, 9.93613, 4.4362200000000005, 9.72753, 5.97292, 5.97292, 6.137309999999999, 8.82513, 7.58328, 7.47608, 6.92572, 4.64882, 5.36357, 6.88599, 5.69454, 10.839, 8.55345, 5.184899999999999, 7.284940000000001, 9.90259, 11.69591, 1.2891599999999999, 4.11811, -19.454749999999997]

[Epoch 58/100]
P1 Score : 25, AI score : 23
Move History : [0, 7, 2, 11, 1, 8, 0, 9, 4, 9, 5, 6, 2, 11, 3, 10, 1, 6, 5, 9, 0, 6, 5, 6, 2, 8, 0, 6, 1, 10, 5, 6, 2, 7, 2, 8, 1, 9, 5, 11, 4, 11, 1, 6, 2, 9, 5, 10, 1, 6, 3, 8, 4, 11, 2, 6, 4, 7, 5, 6, 2, 7, 1, 8, 3, 10, 4, 6, 1, 9, 1, 11, 2, 10, 3, 6, 4, 6, 5, 8, 0, 7, 4, 9, 1, 11, 3, 10, 2, 6, 4, 6, 5, 7, 0, 6, 4, 7, 1, 8, 0, 9, 3, 11, 5, 10, 4, 11, 5, 7, 0, 6, 1, 7, 2, 8, 3, 9, 4, 10, 5, 6, 0, 11, 1, 7, 2, 8, 0, 9, 1, 10, 3, 11]
Score Track : [11.818080000000002, 13.962330000000001, 8.4905, 8.087119999999999, 7.53676, 9.237850000000002, 7.3082, 6.92572, 6.956160000000001, 8.33196, 8.71793, 8.88232, 8.44634, 8.61073, 9.738199999999999, 10.04023, 12.5972, 10.059999999999999, 9.18086, 4.398160000000001, 4.56358, 6.8792, 4.31874, 9.01308, 4.211539999999999, 5.419460000000001, 9.85718, -0.8818399999999995, 3.9766200000000005, 3.4553700000000003, 3.5393100000000004, 2.34916, 5.740749999999999, 6.87571, 7.59046, 5.73526, 5.2353000000000005, 5.4801400000000005, 4.5403199999999995, 5.748240000000001, 5.82869, 5.82869, 5.99308, 3.3556600000000003, 3.74163, 3.74163, 2.86249, 2.6981, 5.29011, 1.5857800000000002, -0.7613899999999996, 3.8023100000000003, 2.14774, 2.34717, 1.65457, 0.6343000000000001, 1.18466, -1.6675499999999999, -1.6675499999999999, -1.6675499999999999, 1.65457, 2.0638, 1.18466, -1.6675499999999999, -1.6675499999999999, -1.6675499999999999, -1.6675499999999999]

[Epoch 59/100]
P1 Score : 12, AI score : 36
Move History : [2, 9, 4, 10, 5, 6, 0, 6, 4, 7, 1, 8, 1, 6, 3, 6, 0, 11, 1, 6, 3, 9, 2, 7, 3, 6, 2, 9, 4, 8, 0, 9, 1, 11, 5, 6, 4, 9, 0, 10, 2, 11, 0, 8, 0, 7, 5, 10, 1, 7, 4, 7, 3, 7, 0, 9, 5, 8, 4, 6, 2, 10, 2, 8, 5, 6, 0, 7, 1, 8, 3, 9]
Score Track : [10.52406, 10.170689999999999, 12.39888, 12.39888, 12.41998, 12.15055, 15.28463, 16.16377, 16.98572, 7.39696, 5.83218, 5.22114, 5.22114, 8.14564, 7.47259, 4.19817, 0.17837000000000103, 7.086620000000001, 11.585020000000002, 10.667349999999999, 12.528530000000002, 3.3324000000000003, 1.1090000000000004, 1.8430100000000005, 7.368880000000001, 8.412410000000001, 9.15175, 11.49892, 14.107230000000001, 12.70684, 10.564950000000001, 9.096919999999999, 8.85208, 9.096919999999999, 1.8796400000000002, 7.9476700000000005]

[Epoch 60/100]
P1 Score : 19, AI score : 29
Move History : [2, 10, 1, 8, 0, 10, 1, 6, 5, 6, 3, 7, 5, 8, 3, 10, 1, 9, 1, 7, 3, 6, 2, 8, 0, 10, 5, 11, 4, 6, 2, 11, 1, 9, 5, 7, 1, 10, 1, 9, 2, 11, 0, 6, 5, 7, 3, 7, 1, 9, 3, 11, 2, 8, 2, 9, 1, 10, 0, 6, 4, 10, 5, 8, 3, 9, 0, 6, 5, 6, 1, 11, 1, 8, 2, 6, 3, 10, 5, 6, 4, 9, 5]
Score Track : [10.52406, 9.593580000000001, 10.91003, 10.059999999999999, 12.452580000000001, 12.59371, 14.191089999999999, 11.88924, 10.461039999999999, 15.315069999999999, 15.315069999999999, 15.39552, 13.492619999999999, 12.078190000000001, 10.59067, 7.0483899999999995, 7.734030000000001, 8.095410000000001, 5.27833, 5.33552, 7.06469, 2.86249, 3.0268800000000002, 4.4598700000000004, 4.4598700000000004, 5.17462, 3.41634, 3.3556600000000003, 5.39969, 3.3461700000000003, 5.17811, 0.08673000000000064, 5.564080000000001, 5.95005, 5.88937, 5.58385, 7.7211300000000005, 3.0268800000000002, 2.94294, 10.17107, 10.17107]

[Epoch 61/100]
P1 Score : 20, AI score : 28
Move History : [5, 11, 2, 9, 0, 10, 4, 8, 3, 7, 4, 8, 5, 6, 4, 8, 1, 8, 3, 7, 0, 8, 1, 9, 3, 6, 4, 7, 5, 8, 2, 7, 1, 6, 2, 7, 5, 11, 2, 9, 1, 6, 2, 10, 3, 9, 5, 11, 0, 6, 3, 7, 0, 11, 0, 8, 1, 10, 4, 7, 0, 6, 5, 6, 1, 7, 2, 6, 3, 6, 5, 10, 4, 9, 5]
Score Track : [8.95928, 6.26816, 8.83342, 6.70783, 15.267299999999999, 12.064250000000001, 11.15703, 11.87178, 10.464840000000002, 10.72105, 13.033180000000002, 12.72766, 12.72766, 14.81472, 12.911819999999999, 18.292830000000002, 23.60517, 27.8905, 14.99888, 6.432550000000001, 6.53626, 8.47442, 7.81204, 9.738199999999999, 8.76475, 6.925320000000001, 7.3952300000000015, 6.680480000000001, 2.2187, -5.17453, -0.4923799999999998, -0.4923799999999998, 5.27119, 6.938739999999999, 8.60629, 7.041510000000001, -3.8909499999999997]

[Epoch 62/100]
P1 Score : 31, AI score : 17
Move History : [2, 9, 3, 6, 5, 6, 4, 7, 3, 6, 0, 11, 2, 6, 4, 6, 3, 6, 0, 7, 5, 6, 0, 7, 1, 11, 5, 9, 5, 11, 4, 10, 1, 6, 3, 8, 4, 9, 5, 6, 3, 7, 4, 10, 0, 11, 0, 8, 1, 6, 2, 10, 0, 6, 5, 9, 0, 6, 3, 6, 1, 8, 5, 10, 2, 7, 3, 11, 1, 6, 3, 10, 0, 7, 1, 9, 4, 6, 5]
Score Track : [10.52406, 10.0063, 11.84852, 12.67047, 11.887550000000001, 14.126720000000002, 6.95247, 8.630300000000002, 8.744679999999999, 8.43916, 8.348040000000001, 11.897499999999999, 11.59198, 12.763830000000002, 8.25151, 10.33754, 25.81887, 23.471700000000002, -9.88153, 3.5978000000000003, 8.530280000000001, 0.46991000000000005, 0.9398200000000001, 3.4321100000000007, 12.971320000000002, 12.971320000000002, 6.60761, 4.62077, 5.6643, 7.22908, 7.1451400000000005, 7.06469, 6.21466, 6.37905, 2.5372000000000003, 3.6285800000000004, 5.39969, 5.09417, -0.5348499999999996]

[Epoch 63/100]
P1 Score : 27, AI score : 21
Move History : [4, 11, 1, 8, 3, 6, 2, 6, 5, 7, 3, 6, 0, 11, 4, 6, 1, 8, 5, 11, 3, 7, 1, 9, 4, 10, 5, 8, 2, 10, 5, 11, 5, 9, 3, 11, 5, 10, 1, 11]
Score Track : [10.52406, 5.85544, 8.792530000000001, 6.95965, 7.38465, 8.928840000000001, 9.26829, 6.86853, 10.49844, 11.898299999999999, 8.671990000000001, 11.13274, 7.697660000000001, 17.21258, 7.33864, 7.97294, 2.0638, 1.8189600000000001, -4.4468, -4.4468]

[Epoch 64/100]
P1 Score : 48, AI score :  0
Move History : [0, 6, 2, 6, 4, 6, 1, 11, 4, 7, 4, 9, 0, 10, 1, 11, 1, 8, 4, 7, 1, 8, 0, 9, 3, 8, 0, 9, 1, 10, 1, 11]
Score Track : [11.818080000000002, 12.404810000000001, 8.82164, 8.244530000000001, 4.72797, 6.29275, 8.11038, -25.01325, -22.336769999999998, 4.76539, 4.76539, 4.4598700000000004, -22.233999999999998, -22.233999999999998, -22.233999999999998, -22.233999999999998]

[Epoch 65/100]
P1 Score : 44, AI score :  4
Move History : [3, 9, 0, 10, 1, 7, 2, 10, 3, 8, 1, 6, 3, 11, 0, 9, 5, 10, 3, 7, 4, 8, 3, 9, 1, 11, 4, 10, 3, 8, 1, 9, 5, 6, 4, 7, 3, 11, 0, 7, 1, 8, 5, 7, 4]
Score Track : [8.95928, 12.75441, 10.103850000000001, 16.00531, 17.16322, 12.43281, 10.8552, 5.047260000000001, 5.580360000000001, 6.37905, 0.9398200000000001, 11.496480000000002, 10.86218, 4.543810000000001, 4.92978, 5.64453, 2.4683300000000004, 3.1885699999999995, 7.510009999999999, 3.25195, 3.6611800000000003, 4.70471]

[Epoch 66/100]
P1 Score : 30, AI score : 18
Move History : [0, 7, 3, 10, 1, 9, 0, 11, 0, 6, 0, 10, 4, 6, 5, 10, 0, 11, 3, 6, 2, 10, 1, 10, 3, 9, 5, 6, 0, 7, 2, 11, 2, 8, 1, 9, 4, 9, 3, 9, 4, 7, 0, 10, 5, 8, 3, 6, 4, 10, 2, 7, 5, 11, 2, 8, 5, 6, 4, 8, 0, 11, 3, 7, 4, 8, 0, 10, 1, 6, 4, 10, 5, 8, 3, 9, 0, 11, 5, 7, 1, 8, 0, 9, 2, 6, 1, 7, 5, 6, 3, 8, 5, 11, 2, 7, 1, 10, 4, 10, 1, 6, 2, 11, 3, 9, 0, 6, 3, 8, 2, 7, 1, 8, 3, 11, 0, 9, 4, 8, 5, 10, 1, 11, 2, 9, 3]
Score Track : [11.818080000000002, 11.15703, 14.23525, 10.059999999999999, 6.2448999999999995, 6.65413, 6.02332, 7.81553, 8.026440000000001, 6.772, 11.27387, 6.63087, 7.34562, 8.18467, 5.491360000000001, 12.74293, 0.6583500000000004, 3.82208, 9.738199999999999, 8.16408, 8.16408, 8.033619999999999, 9.738199999999999, 11.1677, 9.42919, 11.08376, 11.57693, 4.65101, 1.92895, 2.8080899999999995, 4.9763, 3.71119, 1.9186700000000005, 2.08306, 4.43661, 4.13109, 8.11756, 8.8032, 7.976430000000001, 4.62426, -11.116999999999999, -11.116999999999999, 3.5910100000000003, 8.956600000000002, 2.2654000000000005, 11.63308, 4.29199, 2.53371, 2.53371, 3.1837800000000005, 5.64453, 7.0483899999999995, 2.86249, 2.76906, 3.82208, 2.94294, -7.3288199999999994, -4.652339999999999, -0.6376200000000001, 3.3556600000000003, 3.6844400000000004, 4.92978, 6.15635]

[Epoch 67/100]
P1 Score : 19, AI score : 29
Move History : [2, 9, 5, 7, 0, 8, 3, 11, 0, 10, 4, 6, 4, 7, 5, 6, 1, 11, 2, 6, 5, 8, 0, 10, 0, 11, 0, 6, 3, 6, 2, 7, 5, 9, 4, 6, 2, 11, 1, 10, 5, 9, 1, 10, 2, 11, 3, 6, 1, 7, 5, 10, 2, 9, 0, 9, 3, 10, 2, 7, 3, 8, 1, 6, 2, 10, 5, 9, 0, 6, 4, 11, 5, 8, 2, 11, 4, 9, 1, 6, 5, 10, 4, 8, 2, 9, 0, 10, 5, 11, 0, 7, 3, 6, 2, 7, 3, 10, 4, 7, 5, 6, 1, 11, 1, 6, 0, 7, 2, 8, 0, 9, 5, 10]
Score Track : [10.52406, 10.33508, 13.469160000000002, 12.03617, 10.67328, 7.86205, 5.580360000000001, 9.56314, 10.36901, 5.798250000000001, 9.7102, 7.181229999999999, 8.60355, 5.733569999999999, 10.74075, 8.4159, 5.892469999999999, 11.21771, 12.03298, 7.0075, 6.35928, 7.0740300000000005, 7.95317, 5.64453, 2.7454100000000006, 3.788940000000001, 7.89598, 7.976430000000001, 7.402810000000001, 7.6476500000000005, 7.81204, 7.25819, 11.250589999999999, 14.854580000000002, 12.761590000000002, 12.37213, 4.07041, 5.42295, 3.5200500000000003, 4.56358, 4.56358, 6.18555, 7.585940000000001, 8.62947, 8.024280000000001, 6.80008, 3.26223, 5.97331, -10.108069999999998, 3.58752, 3.58752, 7.68269, 6.38289, 6.38289, -1.6465499999999995, -3.9937199999999997, 3.3324000000000003]

[Epoch 68/100]
P1 Score :  3, AI score : 45
Move History : [0, 6, 5, 10, 4, 8, 5, 10, 1, 11, 2, 11, 0, 6, 5, 8, 2, 7, 0, 6, 3, 7, 4, 10, 5, 6, 0, 7, 2, 8, 1, 6, 0, 11, 0, 9]
Score Track : [11.818080000000002, 12.475640000000002, 10.172020000000002, 10.01658, 11.521070000000002, 9.48884, 9.39209, 5.530150000000001, 5.774990000000001, 4.61838, 7.80486, 8.46242, 9.50595, 11.276010000000001, 19.13969, 9.48987, 9.18435, 21.12453]

[Epoch 69/100]
P1 Score : 21, AI score : 27
Move History : [2, 8, 0, 9, 0, 11, 3, 10, 5, 7, 1, 8, 2, 10, 4, 6, 1, 10, 0, 10, 1, 9, 4, 11, 5, 6, 2, 10, 3, 10, 5, 6, 1, 8, 2, 7, 0, 6, 4, 6, 0, 8, 0, 7, 1, 6, 5, 6, 4, 10, 0, 7, 2, 10, 5, 8, 4, 6, 1, 9, 2, 8, 5, 10, 0, 9, 4, 6, 5, 11, 2, 6, 3, 10, 2, 11, 0, 7, 2, 10, 1, 7, 2, 9, 4, 10, 0, 9, 5, 9, 3, 10, 0, 8, 3, 11, 1, 6, 2, 8, 0, 11, 0, 7, 2, 8, 4, 8, 1, 6, 2, 7, 5, 10, 3, 11, 4, 8, 5]
Score Track : [10.52406, 9.70078, 8.646270000000001, 5.05998, 6.70783, 10.17418, 8.39943, 12.00942, 14.01952, 12.7581, 17.80767, 15.92373, 6.84311, 9.35467, 9.459430000000001, 10.502960000000002, 8.790890000000001, 9.20761, 9.24154, 11.79851, 11.49299, 11.38889, 13.3955, 16.10658, 12.939200000000003, 16.901780000000002, 18.898239999999998, 19.27243, 17.28775, 16.98223, 17.56652, 4.07872, 3.60881, 17.62371, 17.7881, 3.1912700000000003, 4.701219999999999, 5.580360000000001, 1.6289200000000004, -15.00795, 8.25151, 7.94599, 5.49991, 6.21466, 7.976430000000001, 9.18435, 9.57032, 9.34525, 5.09417, 3.82208, 7.734030000000001, 6.85489, -6.319889999999999, 4.872590000000001, 16.43019, 16.43019, 14.86541, 5.56059, 11.735850000000001]

[Epoch 70/100]
P1 Score : 21, AI score : 27
Move History : [2, 6, 4, 7, 0, 10, 1, 11, 1, 9, 2, 7, 1, 8, 1, 10, 2, 11, 5, 6, 4, 10, 0, 6, 1, 7, 5, 6, 4, 11, 2, 9, 1, 6, 4, 7, 0, 11, 0, 8, 2, 9, 0, 10, 5, 6, 4, 11, 5, 6, 1, 7, 4, 6, 3, 7, 0, 6, 2, 9, 2, 10, 2, 7, 3, 6, 0, 7, 1, 8, 1, 6, 5, 8, 1, 10, 2, 11, 4, 11, 5, 9, 0, 10, 3, 6, 4, 7, 0, 11, 0, 9, 1, 10, 2, 8, 5, 11, 0, 9, 1, 10, 3, 6, 2, 7, 3, 11, 4, 8, 0, 6, 1, 7, 5, 9, 2, 10, 3, 8, 4, 6, 5]
Score Track : [10.52406, 10.52406, 11.642710000000001, 10.06349, 4.0739, 4.4598700000000004, 4.4598700000000004, 6.23392, 5.49991, -0.5656299999999996, 7.59395, 8.00318, 8.412410000000001, 10.759580000000001, 8.74119, 4.26288, 2.86249, 2.94294, -17.23135, -13.216629999999999, -17.23135, -17.23135, 7.81553, 7.81553, 0.7442900000000003, 2.86249, 2.86249, 8.340250000000001, 7.20798, 4.701219999999999, 5.91263, 6.43973, 6.24141, 6.27534, 6.27534, 7.0740300000000005, 6.94318, 9.40942, 1.1042100000000001, 6.0888, 3.4798700000000005, -0.4320799999999996, 3.41285, 3.82208, -4.4468, -2.7792499999999998, -2.7792499999999998, 3.91195, 3.91195, 1.65457, 3.91195, 3.91195, 3.91195, 3.91195, 1.8189600000000001, 1.65457, 2.0638, 1.8189600000000001, 3.91195, 3.91195, 3.91195]

[Epoch 71/100]
P1 Score : 20, AI score : 24
Move History : [2, 10, 3, 7, 5, 6, 0, 8, 2, 9, 0, 6, 1, 8, 3, 6, 5, 9, 4, 10, 0, 11, 1, 8, 2, 9, 4, 6, 5, 6, 3, 6, 4, 7, 0, 11, 5, 6, 3, 9, 0, 11, 1, 8, 0, 9, 1, 11, 3, 7, 2, 8, 4, 8, 5, 9, 3, 10, 2, 11, 5]
Score Track : [10.52406, 9.84191, 10.67414, 14.348300000000002, 13.197570000000002, 9.76755, 9.46203, 13.46697, 14.398509999999998, 16.48557, 19.961540000000003, 4.94955, 4.78516, 7.498, 5.8089200000000005, 5.5034, 5.748240000000001, 5.99308, 7.26761, 5.29011, 5.38686, 6.0725, 4.50772, 5.82704, 3.27521, 2.53371, 2.96969, 4.09849, 3.00362, 3.4735300000000002]

[Epoch 72/100]
P1 Score : 21, AI score : 27
Move History : [2, 9, 5, 9, 0, 8, 4, 6, 0, 11, 0, 7, 0, 11, 1, 10, 1, 7, 4, 6, 3, 7, 0, 11, 2, 8, 2, 7, 5, 6, 4, 10, 4, 8, 1, 6, 5, 11, 2, 7, 4, 11, 5, 6, 0, 10, 3, 8, 5, 10, 2, 6, 3, 9, 0, 6, 2, 8, 3, 6, 5, 11, 4, 9, 3, 6, 0, 7, 1, 7, 5, 11, 4, 10, 4, 6, 1, 9, 3, 8, 2, 8, 0, 11, 5, 6, 3, 8, 4, 7, 0, 6, 5, 11, 1, 9, 1, 10, 3, 8, 5, 6, 4, 9, 1, 10, 0, 6, 3, 11, 5, 6, 2, 9, 0, 7, 5, 8, 4, 9, 1, 10, 0, 6, 4, 7, 5, 11, 2, 6, 0, 7, 3, 7, 5, 9, 4, 10, 5, 8, 1, 6, 2, 9, 3, 7, 5, 10, 4, 7, 0, 11, 2, 8, 0, 10, 5, 6, 3, 9, 1, 11, 2, 7, 5, 10, 3, 6, 4, 11, 5]
Score Track : [10.52406, 10.33508, 10.331590000000002, 16.28275, 15.97723, 6.677390000000001, 7.006170000000001, 7.89709, 5.96982, 6.43973, 8.996699999999999, 10.2207, 6.432550000000001, 7.86554, 9.731020000000001, 10.938940000000002, 9.41452, 9.4792, 9.4792, 7.598380000000001, 8.194320000000001, 6.45581, 8.87084, 8.08845, 8.581620000000001, 11.47915, 26.60126, 7.58697, 8.69118, 7.58697, 7.976430000000001, 6.714810000000001, 4.9633199999999995, 5.12771, 11.016200000000001, 6.32186, 7.7607800000000005, 10.00075, 6.16925, 3.90602, 5.99308, 2.8885400000000003, 6.031610000000001, 4.56358, 6.196000000000001, 8.63992, 4.72797, 3.8488300000000004, 4.95304, 3.57724, 5.2353000000000005, 5.0709100000000005, 3.73414, 6.35928, 2.92247, -1.2051299999999996, 3.74163, 2.933450000000001, -1.0906999999999991, 4.05064, 8.276980000000002, 5.15136, 5.3962, 5.3157499999999995, 1.8189600000000001, 2.0638, 2.6981, 1.1327000000000003, -5.5584999999999996, 3.57724, 7.8239, 7.8239, 2.4709400000000006, 7.8239, 4.701219999999999, -4.4468, -4.4468, -4.4468, 2.92317, 3.88276, 6.25912, 1.18466, 1.2686000000000002, 1.8189600000000001, 1.8189600000000001]

[Epoch 73/100]
P1 Score : 16, AI score : 32
Move History : [5, 7, 2, 6, 1, 9, 4, 6, 5, 11, 2, 8, 2, 9, 0, 6, 4, 7, 0, 11, 5, 7, 3, 9, 4, 10, 5, 7, 0, 9, 3, 11, 4, 8, 5, 6, 4, 9, 3, 7, 5, 6, 0, 7, 4, 8, 1, 8, 3, 10, 2, 6, 1, 7, 4, 7, 3, 8, 2, 10, 5, 7, 0, 6, 3, 7, 4, 6, 2, 7, 5, 6, 1, 11, 2, 9, 4, 6, 1, 7, 3, 11, 5, 6, 4, 10, 1, 11, 5, 6, 2, 7, 3, 8, 5, 7, 0, 8, 2, 11]
Score Track : [8.95928, 12.590019999999999, 9.53639, 11.845030000000001, 12.31494, 5.916119999999999, 1.8682700000000003, 9.49098, 9.99296, 8.12266, 5.733569999999999, 7.33844, 8.33196, 9.29155, 8.61073, 9.325479999999999, 5.38902, 5.446210000000001, 6.16096, 6.16096, 5.774990000000001, 5.691050000000001, 1.7500900000000006, 8.33196, 8.33196, 7.8924900000000004, 7.8924900000000004, 8.83231, 8.3624, 8.83231, 9.93264, 13.91365, 14.07804, 12.34887, 12.513259999999999, 17.043210000000002, 17.2076, 6.35928, 5.99308, 7.1451400000000005, 6.54693, 15.6478, 15.6478, 4.76539, 4.29548, 4.29548, 4.4598700000000004, 4.4888, 4.4888, 4.4888]

[Epoch 74/100]
P1 Score : 24, AI score : 24
Move History : [4, 6, 0, 9, 5, 11, 4, 10, 4, 11, 1, 8, 5, 11, 1, 7, 4, 9, 0, 11, 3, 7, 4, 6, 1, 10, 1, 8, 5, 6, 2, 6, 1, 8, 2, 7, 5, 8, 3, 11, 3, 10, 0, 6, 5, 9, 0, 6, 3, 8, 2, 7, 3, 9, 4, 8, 1, 10, 5, 10, 1, 6, 0, 7, 1, 9, 0, 8, 1, 9, 3, 11, 4, 10, 3, 7, 0, 8, 4, 11, 0, 9, 1, 10, 5, 6, 2, 8, 5, 10, 3, 7, 4, 9, 5, 8, 1, 11, 1, 9, 0, 10, 0, 11]
Score Track : [10.52406, 10.25247, 11.731980000000002, 5.23181, 6.265999999999999, 8.90588, 7.0355799999999995, 3.55747, 4.14686, 5.99657, 6.12836, 7.625500000000001, 7.830779999999999, 8.70992, 9.2111, 9.93414, 10.617339999999999, 10.066980000000001, 10.39576, 9.16109, 2.77455, 4.10783, 4.272220000000001, 5.33152, 7.15797, 3.82208, -5.310959999999998, 6.54693, 6.15747, 7.42258, 8.13733, 10.564950000000001, 3.7569000000000004, 9.24154, 7.9476700000000005, -1.8394299999999997, 2.7015900000000004, 1.6470800000000003, -0.020469999999999544, 4.74213, 3.86299, 5.564080000000001, 11.735850000000001, 11.735850000000001, 6.15635, 5.38686, 5.30641, 5.70327, -2.3261699999999994, -1.2144699999999997, -1.2144699999999997, -2.7792499999999998]

[Epoch 75/100]
P1 Score : 32, AI score : 16
Move History : [1, 8, 4, 11, 5, 9, 2, 6, 5, 8, 0, 10, 0, 7, 0, 6, 4, 11, 2, 10, 5, 7, 3, 10, 5, 9, 2, 8, 0, 10, 3, 9, 2, 11, 2, 10, 3, 11]
Score Track : [8.08014, 12.037500000000001, 9.9037, 14.655230000000001, 8.16757, 12.649650000000001, 9.24503, 10.6406, 11.133769999999998, 6.85489, 3.880370000000001, 6.59694, 9.68234, 6.450009999999999, 8.45662, 8.52679, 8.52679, 3.25195, -10.43738]

[Epoch 76/100]
P1 Score : 33, AI score : 15
Move History : [0, 6, 5, 9, 3, 11, 0, 10, 2, 10, 4, 11, 5, 8, 1, 11, 1, 6, 3, 6, 1, 7, 2, 7, 4, 11, 3, 7, 0, 9, 1, 10, 3, 11, 4, 9, 2, 10, 3, 7, 4, 11, 0, 8, 0, 10, 2, 11, 1, 6, 0, 10, 1, 9, 2, 7, 3, 11, 2, 8, 1, 9, 2, 10, 3, 11]
Score Track : [11.818080000000002, 12.475640000000002, 10.688450000000001, 8.397740000000002, 6.772, 9.02345, 8.43916, 8.00318, 6.40929, 9.6519, 3.4029700000000007, 3.77117, 7.72092, 6.127030000000001, 6.30209, 5.93589, 10.162700000000001, 7.65358, 8.60036, 8.532720000000001, 4.62077, 10.00075, 4.601000000000001, 6.41062, 6.77444, 4.50772, 3.82208, 8.38915, 8.63399, -13.896249999999998, -11.219769999999999, -13.896249999999998, -9.88153]

[Epoch 77/100]
P1 Score : 37, AI score : 11
Move History : [1, 10, 3, 6, 5, 6, 1, 11, 0, 7, 5, 6, 4, 9, 3, 7, 4, 10, 1, 6, 4, 6, 5, 8, 5, 11, 0, 9, 2, 10, 0, 6, 1, 9, 2, 10, 3, 11, 2, 9, 4, 9, 5, 9, 3, 6, 4, 8, 5, 10, 5, 7, 0, 9, 0, 10, 1, 11, 4, 6, 1, 9, 0, 7, 2, 8, 5]
Score Track : [8.08014, 13.09281, 13.35395, 13.38522, 10.86359, 6.105099999999999, 5.774990000000001, 7.94599, 5.51917, 4.68145, 4.84584, 6.0537600000000005, 7.927530000000001, 2.86249, 7.01684, 6.2986, 6.37905, 26.60126, 26.60126, 3.90602, 5.28182, 5.22463, 5.22463, 4.64752, 6.714810000000001, 4.05543, 3.52284, 3.102630000000001, 3.0261799999999996, 3.0173900000000002, 4.50772, 2.8817500000000003, 2.6981]

[Epoch 78/100]
P1 Score : 21, AI score : 27
Move History : [2, 10, 4, 11, 5, 10, 3, 6, 4, 11, 0, 8, 1, 7, 5, 8, 4, 10, 3, 6, 1, 8, 2, 11, 1, 6, 4, 6, 0, 9, 5, 6, 4, 7, 5, 9, 2, 8, 4, 10, 1, 9, 3, 10, 5, 9, 0, 6, 2, 10, 3, 7, 1, 9, 2, 11, 4, 7, 0, 9, 3, 10, 5, 7, 0, 8, 3, 6, 2, 8, 0, 10, 3, 7, 4, 11, 1, 6, 4, 9, 3, 7, 5, 6, 2, 10, 3, 7, 4, 9, 5]
Score Track : [10.52406, 10.0063, 10.22419, 11.33669, 9.15391, 5.404789999999999, 6.00006, 5.3157499999999995, 9.07346, 10.59868, 23.471700000000002, 23.471700000000002, 4.76539, 5.64453, 5.33901, 8.66903, 8.39744, 6.32186, 17.994970000000002, 14.86541, 8.33914, 7.25819, 9.016470000000002, 9.18086, 9.096919999999999, 11.54084, 3.9143300000000005, 14.86541, 3.1912700000000003, 4.59166, 7.885610000000001, 4.45638, 4.51706, 4.62077, 6.265999999999999, 4.701219999999999, 5.580360000000001, 5.33552, 1.8189600000000001, 2.0638, 9.38868, 5.47673, 5.47673, 5.47673, 5.47673]

[Epoch 79/100]
P1 Score : 18, AI score : 30
Move History : [1, 11, 3, 10, 1, 8, 5, 6, 4, 9, 1, 6, 3, 7, 3, 9, 2, 6, 3, 7, 0, 10, 4, 7, 5, 6, 0, 11, 1, 6, 3, 9, 2, 11, 5, 8, 4, 6, 0, 10, 5, 6, 1, 8, 3, 11, 0, 6, 2, 7, 5, 6, 2, 9, 3, 10, 2, 8, 5, 11, 2, 7, 4, 8, 1, 7, 0, 6, 4, 7, 3, 6, 5, 8, 1, 9, 2, 11]
Score Track : [8.08014, 9.35467, 8.58858, 2.9799700000000002, 6.08051, 5.97331, 6.137700000000001, 4.566370000000001, 8.87883, 8.4696, 8.4696, 9.45594, 9.80798, 12.26257, 4.95304, 5.42295, 5.01023, 6.189039999999999, 7.55786, 7.1451400000000005, 9.46076, 12.718620000000001, 14.1062, 8.62729, 9.20206, 3.4967900000000003, 3.4967900000000003, 4.13109, 5.62127, 5.78566, -0.01497999999999955, 3.6379200000000003, 1.65457, -0.8763499999999997, 3.1715, 2.6981, 5.30641, 4.62426, 3.82208]

[Epoch 80/100]
P1 Score : 16, AI score : 32
Move History : [5, 7, 1, 8, 4, 8, 0, 9, 3, 11, 3, 10, 2, 6, 1, 7, 3, 6, 0, 10, 2, 7, 5, 8, 1, 9, 1, 11, 2, 6, 3, 9, 5, 11, 1, 6, 0, 10, 5, 7, 1, 10, 2, 11, 3, 8, 0, 9, 4, 10, 1, 7, 0, 9, 0, 6, 5, 11, 0, 10, 3, 7, 1, 11, 4, 10, 2, 11, 3, 8, 1, 6, 0, 7, 3, 10, 4, 11]
Score Track : [8.95928, 11.30645, 11.966, 15.265970000000001, 13.05644, 7.0668500000000005, 9.055, 6.70783, 8.14431, 8.26379, 11.17014, 1.4097300000000001, 3.4513800000000003, 2.84272, 6.27883, 5.27833, 10.919450000000001, 4.154350000000001, 4.56358, 8.61317, -14.55487, -17.23135, -5.187189999999999, -8.316749999999999, 8.60139, 8.82297, 9.44097, 7.25819, 8.30172, 0.7442900000000003, 2.72964, 9.40968, 3.25195, 4.13109, 5.93938, 3.0268800000000002, 0.1447700000000003, -10.56115, 4.15949]

[Epoch 81/100]
P1 Score : 26, AI score : 22
Move History : [3, 9, 4, 11, 4, 6, 1, 7, 0, 7, 2, 6, 3, 9, 0, 8, 0, 11, 0, 7, 5, 10, 0, 11, 0, 6, 2, 6, 5, 6, 3, 9, 4, 9, 1, 9, 0, 8, 5, 8, 4, 6, 5, 7, 4, 6, 5, 8, 2, 10, 3, 6, 0, 7, 5, 10, 2, 7, 3, 6, 1, 11, 5, 9, 4, 8, 5, 7, 2, 8, 1, 9, 2, 10, 0, 11]
Score Track : [8.95928, 11.71088, 5.506499999999999, 6.2448999999999995, 4.79175, 6.98291, 6.98291, 7.6744, 7.613720000000001, 2.9854600000000007, 3.3355, 10.18247, 7.54505, 8.32744, 5.19788, 5.19788, 8.17586, 9.383780000000002, 9.548169999999999, 8.408919999999998, 9.9737, 9.738199999999999, 11.274899999999999, 11.274899999999999, 20.01283, 9.016470000000002, 11.44409, 10.581250000000002, 9.73122, 9.73122, 9.976059999999999, -5.310959999999998, 7.8239, 2.94294, -4.4468, -1.7703199999999997, -3.3350999999999997, -3.3350999999999997]

[Epoch 82/100]
P1 Score : 23, AI score : 25
Move History : [3, 9, 2, 8, 0, 11, 3, 9, 0, 6, 4, 7, 1, 10, 2, 8, 5, 8, 0, 10, 3, 8, 0, 7, 2, 9, 5, 6, 4, 8, 0, 11, 4, 9, 0, 8, 3, 7, 4, 8, 1, 10, 5, 6, 3, 7, 1, 11, 5, 9, 0, 6, 1, 7, 4, 10, 1, 11, 0, 6, 3, 7, 5, 6, 1, 8, 1, 11, 2, 10, 4, 9, 3, 10, 4, 11, 0, 7, 3, 8, 1, 10, 0, 11, 3, 9, 1, 10, 2, 6, 0, 7, 4, 7, 3, 8, 5, 8, 4, 7, 1, 6, 5, 8, 2, 10, 3, 6, 0, 7, 4, 8, 5, 6, 1, 7, 2, 8, 3, 9, 2, 10, 1, 11]
Score Track : [8.95928, 9.84191, 12.39888, 9.471210000000001, 9.471210000000001, 9.2111, 10.370120000000002, 7.25819, 12.17381, 11.928970000000001, 17.13996, 15.62519, 13.442409999999999, 14.593269999999999, 14.54313, 14.318060000000001, 2.67794, 1.23746, 4.55958, 3.069400000000001, 6.49323, 3.90602, 5.38686, 11.53031, 10.52138, 5.67128, 17.21258, 14.536100000000001, 6.80355, 4.23829, 4.50772, 4.56707, 4.29548, 2.94294, 4.07041, 6.16925, 4.701219999999999, 5.580360000000001, 1.3415600000000003, -3.7671799999999998, -3.7671799999999998, 2.7710600000000003, -7.781899999999999, -5.10542, 2.53371, 4.82258, 3.41285, 3.16801, 2.86249, 1.9833500000000002, 2.86249, 2.86249, 7.041510000000001, 4.09849, 4.50772, -5.002649999999999, 4.09849, 4.50772, 1.6885500000000002, 1.6885500000000002, -3.8909499999999997, -1.2144699999999997]

[Epoch 83/100]
P1 Score : 21, AI score : 27
Move History : [5, 9, 1, 6, 4, 8, 5, 9, 0, 6, 5, 7, 2, 8, 4, 9, 1, 10, 3, 9, 2, 11, 4, 8, 0, 7, 3, 6, 2, 8, 4, 9, 5, 6, 4, 7, 1, 6, 4, 9, 5, 6, 3, 6, 0, 8, 4, 9, 3, 7, 4, 8, 2, 9, 3, 10, 3, 6, 5, 6, 4, 7, 0, 6, 5, 6, 1, 7, 2, 10, 0, 11, 3, 7, 4, 10, 5, 9, 1, 6, 0, 8, 0, 10, 0, 11, 1, 9, 4, 7, 0, 8, 3, 9, 1, 11, 4, 10]
Score Track : [8.95928, 9.75797, 11.158360000000002, 10.69779, 13.461150000000002, 12.86879, 16.16621, 9.894910000000001, 14.20337, 16.89962, 16.37837, 4.23829, 5.3622700000000005, 6.16096, 7.34562, 6.795260000000001, 7.684679999999998, 8.09391, 11.08487, 13.22698, 10.824760000000001, 10.824760000000001, 10.24043, 17.33243, 25.03648, 12.83097, 16.7805, 16.7805, 12.086160000000001, 14.76264, 16.43019, 12.697420000000001, 12.697420000000001, 16.52543, 11.07723, 7.826280000000001, 2.86249, -3.7671799999999998, 5.1420200000000005, 6.7122, 6.7122, 3.80918, 5.580360000000001, 2.0638, 2.7587800000000002, 2.92317, -2.88202, -2.88202, -1.5437799999999995]

[Epoch 84/100]
P1 Score : 29, AI score : 19
Move History : [3, 9, 2, 10, 2, 7, 3, 11, 5, 6, 1, 6, 2, 8, 2, 10, 4, 10, 1, 7, 4, 6, 0, 8, 2, 9, 2, 11, 4, 9, 3, 6, 4, 6, 2, 10, 1, 8, 4, 11, 1, 6, 5, 8, 2, 9, 4, 7, 1, 8, 2, 11, 3, 6, 1, 7, 5, 7, 0, 9, 2, 6, 0, 11, 4, 6, 1, 8, 3, 10, 1, 11, 3, 9, 0, 7, 2, 6, 5, 6, 3, 9, 5, 6, 4]
Score Track : [8.95928, 9.84191, 10.06349, 11.60019, 9.04086, 7.040100000000001, 7.6744, 11.43929, 12.425630000000002, 10.8015, 13.690740000000002, 13.38522, 13.147559999999999, 13.147559999999999, -17.7872, 5.01372, 5.17811, 5.17811, 4.62077, 4.45638, 2.6981, 5.15579, 3.9899600000000004, 5.00274, 6.27883, 4.69173, 1.74879, 3.19476, 4.37942, 4.15784, 4.2348, 3.82208, 2.47652, 2.0638, 6.85489, 4.04715, 2.7587800000000002, 2.84272, 2.84272, 4.35616, 4.50772, 5.78566]

[Epoch 85/100]
P1 Score : 30, AI score : 18
Move History : [2, 10, 2, 11, 5, 6, 0, 6, 3, 7, 1, 10, 2, 7, 3, 11, 0, 9, 3, 6, 5, 6, 4, 6, 1, 8, 3, 7, 4, 6, 0, 11, 5, 11, 2, 6, 3, 9, 0, 10, 1, 6, 3, 6, 5, 8, 2, 9, 0, 10, 2, 7, 2, 6, 3, 10, 1, 11, 3, 8, 4, 10, 1, 9, 0, 10, 4, 7, 1, 8, 5, 8, 2, 7, 3, 7, 5, 8, 4, 11, 4, 10, 1, 6, 5]
Score Track : [10.52406, 10.74564, 5.93938, 5.52666, 5.69454, 5.446210000000001, 5.83218, 5.99657, 4.23829, 3.9667000000000003, 3.58073, 7.40724, 10.03787, 7.927530000000001, 8.308700000000002, 7.05587, 3.171110000000001, 6.7626599999999994, 6.93639, 7.510009999999999, 5.96982, 5.96982, 5.96982, 7.06469, 7.698989999999999, 7.84012, 8.258690000000001, 6.37905, 7.0938, 2.0440300000000002, 5.29011, 3.82208, 2.2077199999999997, 4.50408, 6.205170000000001, -2.2024, 8.50352, 12.51824, 12.51824, 12.51824, 3.0268800000000002, 6.0888]

[Epoch 86/100]
P1 Score : 33, AI score : 15
Move History : [4, 9, 0, 6, 4, 7, 2, 6, 1, 6, 4, 11, 5, 7, 2, 8, 4, 6, 1, 11, 1, 8, 3, 6, 1, 10, 0, 11, 0, 8, 2, 7, 4, 7, 5, 11, 1, 7, 3, 8, 5, 11, 0, 6, 5, 6, 0, 7, 4, 6, 1, 7, 4, 11, 3, 6, 5, 8, 2, 10, 1, 6, 0, 7, 5, 9, 0, 7, 5, 10, 1, 7, 5, 9, 0, 6, 4, 6, 3, 6, 2, 6, 5, 8, 3, 11, 4, 6, 1, 9, 5, 10, 0, 8, 1, 7, 1, 8, 3, 9, 1, 11, 0, 10, 5, 11, 1, 6, 3, 7, 4, 7, 2, 9, 5, 6, 1, 9, 2, 10, 2, 11, 1, 7, 4, 6, 0, 8, 5, 10, 3, 7, 1, 9, 2, 6, 3, 9, 4, 8, 0, 11, 3, 9, 0, 6, 2, 7, 4, 8, 3, 10, 0, 11, 5, 6, 4, 9, 3, 7, 0, 10, 5, 9, 4, 6, 1]
Score Track : [10.52406, 12.36844, 10.03674, 13.304770000000001, 13.393510000000001, 11.04634, 7.9227300000000005, 6.98291, 8.022950000000002, 10.78306, 7.972740000000001, 6.78459, 8.54636, 10.30034, 7.66292, 7.74284, 7.15079, 9.895410000000002, 10.43562, 10.27123, 5.892469999999999, 5.01333, 5.177719999999999, 6.305190000000001, 4.3948, 24.6044, 23.26616, 5.97331, 6.466480000000001, 25.7161, 11.83704, 11.53152, 11.83704, 12.09685, 12.425630000000002, 12.242780000000002, 25.7161, 10.059999999999999, 10.285070000000001, 11.63412, 9.66105, 13.73739, 14.47446, 1.9916300000000007, 3.2050400000000008, 5.67128, 3.5910100000000003, 19.23044, 4.78516, -13.896249999999998, -11.219769999999999, -13.896249999999998, 4.43661, 3.6611800000000003, 3.6611800000000003, 5.0334900000000005, 5.4708, 7.461110000000001, 9.39556, 11.07723, 6.4595, 2.94294, 2.86249, 2.94294, 5.72847, 5.72847, 12.18893, 5.6643, 5.580360000000001, 4.94955, 5.82869, 2.31213, 2.7015900000000004, 0.6500700000000001, -6.2171199999999995, 0.4740800000000007, -3.5406399999999993, 0.7052600000000004, 2.8659800000000004, 3.41634, 4.52055, 2.5494800000000004, 4.29548]

[Epoch 87/100]
P1 Score : 10, AI score : 38
Move History : [0, 7, 2, 10, 4, 6, 2, 11, 4, 6, 1, 9, 5, 7, 2, 11, 1, 8, 0, 11, 0, 10, 0, 9, 4, 6, 3, 10, 5, 8, 1, 6, 4, 6, 3, 8, 4, 7, 5, 7, 0, 9, 2, 11, 2, 7, 0, 6, 1, 10]
Score Track : [11.818080000000002, 13.962330000000001, 14.877840000000003, 12.834859999999999, 8.194320000000001, 6.105099999999999, 7.651140000000001, 3.949840000000001, -21.1223, -20.010599999999997, -20.010599999999997, 3.4389, -5.3163599999999995, 6.70783, 8.63399, 9.922360000000001, 9.983039999999999, 12.129730000000002, 12.129730000000002, 11.82526, 12.154040000000002, 11.596699999999998, 4.01671, 2.90501, 14.536100000000001]

[Epoch 88/100]
P1 Score : 14, AI score : 34
Move History : [1, 11, 5, 7, 0, 8, 1, 6, 4, 9, 2, 9, 4, 8, 5, 6, 3, 9, 5, 10, 4, 9, 0, 7, 5, 9, 1, 11, 2, 10, 4, 6, 3, 6, 5, 11, 2, 6, 4, 8, 4, 10, 3, 7]
Score Track : [8.08014, 9.51906, 7.171889999999999, 12.335840000000001, 12.143369999999999, 13.171930000000001, 11.15354, 12.19707, 16.23837, 20.23099, 12.76838, 14.04647, 15.422270000000001, 2.3495500000000002, 11.303770000000002, 3.74163, 4.62077, 8.593399999999999, 5.36709, 3.9667000000000003, 9.28591, 9.28591]

[Epoch 89/100]
P1 Score : 24, AI score : 15
Move History : [5, 10, 2, 6, 1, 9, 0, 10, 3, 6, 4, 7, 0, 10, 4, 11, 2, 8, 2, 6, 5, 9, 1, 9, 3, 6, 4, 9, 5, 8, 0, 11, 3, 9, 2, 6, 0, 7, 0, 6, 3, 8, 5, 6, 1, 9, 5, 8, 4, 11, 3, 8, 2, 10, 0, 6, 1, 7, 2, 6, 0, 11, 2, 8, 3, 6, 4, 8, 0, 11, 5, 9, 1, 6, 3, 11, 1, 7, 5, 8, 0, 7, 3, 9, 5, 6, 4, 6, 2, 6, 0, 9, 3, 7, 4, 8, 5, 10, 0, 6, 4, 11, 5, 6, 3, 7, 1, 10, 4, 6, 5, 6, 3, 7, 4, 8, 5, 9, 3, 11, 2, 10, 3, 7, 5, 8, 1, 11, 4, 9, 0, 10, 1, 6, 5, 6, 4, 8, 5, 6, 3, 9, 0, 10, 4, 7, 5, 6, 1, 8, 2, 6, 4, 10, 0, 9, 2, 10, 1, 11, 0, 6, 4, 7, 1, 11, 0, 8, 3, 6, 1, 10, 4, 7, 2, 6, 5, 10, 4, 6, 5, 9, 3, 7, 4, 9, 1, 10, 1, 8, 2, 10, 5, 9, 3, 10, 0, 11, 4]
Score Track : [8.95928, 10.0063, 9.75797, 10.22439, 11.818280000000001, 15.28463, 13.78147, 15.85825, 6.795260000000001, 9.29504, 10.41902, 8.244530000000001, 11.18162, 12.128400000000001, 12.425630000000002, 17.33243, 4.361260000000001, 5.2975900000000005, 5.931890000000001, 7.632979999999999, 6.513, 9.09323, 10.57407, 12.77337, 12.661130000000002, 8.168680000000002, 10.35146, 5.49991, 7.927530000000001, 5.49991, 5.580360000000001, 2.94294, 4.211539999999999, 7.6744, 5.85544, 11.00791, 8.66903, 6.05027, 4.29199, 4.56358, 3.4766300000000006, 4.29199, 4.164630000000001, 8.88232, 8.37981, 9.024780000000002, 9.903920000000001, 7.14381, 8.022950000000002, 7.25819, 9.68581, 6.0888, 6.95164, -8.440519999999998, 12.971320000000002, 13.30063, 9.28591, -9.449449999999999, 5.5034, 4.4488900000000005, 4.43661, 4.04715, 3.57724, 2.86249, 3.1912700000000003, 2.46903, 4.601000000000001, 4.78516, 13.30063, 5.4708, 3.82208, 6.984240000000001, 5.96982, 5.88937, 7.1451400000000005, 5.49991, 7.927530000000001, 6.4595, 7.7280999999999995, 5.044650000000001, 1.5611400000000004, 4.272220000000001, 6.27883, 3.55747, 2.84272, 4.84933, 5.39969, 5.09417, 7.1323300000000005, 7.84708, 8.726220000000001, 7.42258, 6.54344, 5.82869, 6.21466, 7.56371, 0.6343000000000001, 0.9398200000000001, 1.5741200000000002]

[Epoch 90/100]
P1 Score : 37, AI score : 11
Move History : [3, 9, 4, 9, 0, 11, 5, 8, 2, 7, 5, 6, 0, 9, 3, 11, 4, 7, 3, 6, 0, 7, 5, 10, 4, 7, 0, 8, 0, 9, 4, 11, 0, 10, 3, 11]
Score Track : [8.95928, 11.71088, 11.731980000000002, 8.37981, 16.96736, 9.06997, 8.986030000000001, 9.70078, 5.88219, 5.88219, 10.163810000000002, 12.772120000000001, 6.16925, -11.98116, -14.32833, -15.666569999999998, -18.343049999999998, -15.666569999999998]

[Epoch 91/100]
P1 Score : 39, AI score :  9
Move History : [1, 6, 2, 11, 4, 9, 5, 6, 0, 6, 4, 7, 3, 7, 1, 8, 0, 6, 3, 6, 5, 6, 4, 6, 0, 10, 3, 9, 1, 7, 0, 8, 4, 9, 3, 10, 4, 11, 5, 10, 0, 11]
Score Track : [8.08014, 11.2097, 6.29275, 7.781599999999999, 8.580290000000002, 8.120659999999999, 10.30464, 5.570480000000001, 7.003470000000001, 11.87527, 11.67479, 14.512690000000003, 14.207170000000001, 14.06174, 14.08151, 2.3495500000000002, -2.9511299999999996, -4.216939999999999, -1.6647599999999994, -14.452099999999998, -14.452099999999998]

[Epoch 92/100]
P1 Score : 17, AI score : 31
Move History : [0, 10, 5, 11, 4, 8, 1, 6, 4, 10, 5, 6, 3, 6, 0, 11, 2, 10, 4, 11, 0, 8, 1, 7, 0, 6, 5, 6, 4, 9, 3, 6, 5, 8, 0, 11, 1, 10, 1, 11, 4, 6, 3, 9, 2, 6, 4, 8, 3, 11, 5, 6, 4, 8, 5]
Score Track : [11.818080000000002, 9.18086, 6.849170000000001, 7.402810000000001, 7.09729, 9.87481, 9.845400000000001, 9.53988, 5.79076, 8.19083, 8.302850000000001, 7.37237, 3.653300000000001, 5.97331, 6.852449999999999, 6.48625, 10.3982, 4.861220000000001, 4.89236, 4.62077, 17.892200000000003, 5.587339999999999, 3.74512, 3.90951, 4.62426, 4.62426, 4.70471]

[Epoch 93/100]
P1 Score : 36, AI score : 12
Move History : [3, 6, 0, 11, 5, 8, 2, 10, 3, 11, 2, 8, 1, 7, 1, 6, 3, 6, 2, 11, 5, 10, 1, 6, 0, 9, 5, 8, 1, 9, 4, 10, 5, 6, 0, 7, 3, 11, 0, 7, 3, 6, 1, 8, 2, 11, 5]
Score Track : [8.95928, 8.68769, 7.07514, 8.98952, 10.4471, 8.688820000000002, 5.69454, 6.523669999999999, 8.08845, 7.7829299999999995, 4.754720000000001, 3.8646000000000003, 6.0305, 10.752620000000002, 8.88232, -12.78455, 9.080639999999999, 9.40942, 7.87272, 4.52055, 5.2353000000000005, 5.27119, 9.28591]

[Epoch 94/100]
P1 Score : 28, AI score : 20
Move History : [1, 6, 5, 11, 3, 9, 0, 11, 4, 11, 2, 7, 0, 10, 5, 7, 3, 11, 1, 6, 5, 8, 5, 7, 4, 10, 5, 11, 3, 7, 1, 8, 4, 9, 5, 11, 0, 10, 4, 6, 1, 7, 5, 6, 2, 11, 4, 6, 0, 9, 5, 10, 0, 11, 3, 7, 5, 10, 2, 8, 4, 9, 1, 10, 5, 11, 0, 7, 2, 8, 4, 6, 5, 6, 3, 7, 5, 6, 4, 8, 5, 9, 0, 7, 1, 8, 3, 6, 2, 10, 3, 7, 4, 11, 5, 8, 0, 7, 1, 9, 3, 8, 2, 9, 4, 11, 5, 6, 0, 7, 1, 10, 0, 11, 3, 8, 1, 9, 0, 10, 2, 11]
Score Track : [8.08014, 8.244530000000001, 9.109829999999999, 9.187840000000001, 5.93589, 5.774990000000001, 5.506499999999999, 8.68749, 8.46242, 15.843380000000002, 13.002510000000001, 6.6273800000000005, 8.16757, 6.684570000000001, 2.28887, 4.90652, 5.50689, -5.99058, -10.005299999999998, 3.9667000000000003, 4.37593, 5.419460000000001, 5.6643, 3.90602, 3.82208, 4.07041, 4.62077, 4.65234, 3.16801, 4.35267, 4.761900000000001, 4.03572, 5.64104, -0.007489999999999775, 2.0440300000000002, 1.2686000000000002, 1.4329900000000002, 2.0638, 1.8189600000000001, 2.0638, 1.65457, 3.16801, 2.80025, 5.47673, 5.47673, 5.47673, 5.47673, 2.0638, 2.0638, -2.7792499999999998, -0.1027699999999998, -0.1027699999999998, -0.1027699999999998, 0.79869, 1.18466, -2.7792499999999998, -2.7792499999999998, -2.7792499999999998, -2.7792499999999998, -2.7792499999999998, -2.7792499999999998]

[Epoch 95/100]
P1 Score : 32, AI score : 16
Move History : [3, 10, 0, 6, 4, 7, 1, 6, 5, 8, 4, 7, 3, 11, 4, 7, 5, 6, 3, 10, 0, 11, 5, 8, 4, 7, 2, 8, 4, 11, 5, 7, 1, 6, 3, 6, 5, 9, 5, 11, 4]
Score Track : [8.95928, 12.75441, 11.569749999999999, 10.22788, 12.64372, 11.3286, 13.77119, 4.4598700000000004, 5.97331, 6.93639, 6.76133, 6.516489999999999, 6.432550000000001, 8.02993, 6.58945, 6.62369, 4.76539, 4.601000000000001, 4.601000000000001, 2.94294]

[Epoch 96/100]
P1 Score : 28, AI score : 20
Move History : [2, 9, 5, 11, 0, 8, 1, 6, 3, 9, 1, 8, 0, 6, 5, 7, 2, 6, 0, 8, 3, 11, 1, 7, 3, 8, 5, 10, 1, 8, 3, 6, 0, 9, 2, 6, 3, 7, 4, 10, 1, 9, 3, 6, 5, 6, 4, 7, 0, 8, 0, 9, 1, 10, 5, 11, 3, 8, 0, 9, 4, 10, 3, 11]
Score Track : [10.52406, 10.33508, 5.7715000000000005, 6.81503, 5.22114, 6.26467, 6.26467, 8.96626, 7.368880000000001, 8.0994, 9.024780000000002, 6.38736, 6.551749999999999, 5.35642, 4.62077, 5.587339999999999, 9.29504, 5.6643, 7.1451400000000005, 13.65362, 9.016470000000002, 10.059999999999999, 11.982669999999999, 11.982669999999999, 13.54745, 11.982669999999999, 12.14706, 2.8880400000000006, 2.06729, 3.33589, -2.655479999999999, -1.3172399999999995]

[Epoch 97/100]
P1 Score :  6, AI score : 42
Move History : [0, 6, 4, 6, 5, 10, 3, 8, 1, 9, 3, 11, 4, 10, 2, 7, 1, 11, 5, 6, 4, 9, 1, 6, 2, 10, 1, 8, 1, 11, 2, 7, 3, 6, 0, 6, 4, 6, 2, 7, 3, 11, 0, 6, 5, 10, 1, 9]
Score Track : [11.818080000000002, 11.10333, 11.92528, 15.737210000000001, 12.48282, 13.09037, 9.283560000000001, 8.06037, 9.68101, 6.734580000000001, 9.081750000000001, 10.346860000000001, 8.16408, 11.274899999999999, 11.496480000000002, 6.069529999999999, 7.284940000000001, 7.0366100000000005, 9.383780000000002, 6.4595, 7.697660000000001, 5.4729600000000005, 6.18422, 17.665660000000003]

[Epoch 98/100]
P1 Score : 31, AI score : 17
Move History : [4, 7, 2, 6, 0, 10, 0, 8, 5, 9, 1, 6, 3, 11, 0, 8, 1, 6, 4, 11, 5, 6, 0, 11, 2, 10, 0, 6, 4, 6, 1, 7, 2, 8, 1, 9, 0, 7, 3, 8, 2, 10, 2, 11, 2, 6, 0, 7, 5, 7, 3, 9, 0, 7, 2, 8, 0, 9, 1, 10, 1, 6, 3, 11, 2, 8, 0, 10, 1, 7, 5, 6, 4, 6, 1, 11, 5, 6, 1, 10, 3, 6, 0, 9, 3, 7, 1, 8, 4, 11, 0, 10, 3, 11, 2, 6, 0, 8, 4, 9, 5, 9, 1, 11, 3, 6, 0, 7, 2, 8, 3, 10, 4, 11, 5]
Score Track : [10.52406, 12.425630000000002, 13.083190000000002, 13.05644, 12.902330000000001, 14.755370000000001, 18.14607, 4.72797, 4.89236, 5.93589, 6.57019, 7.6744, 6.704140000000001, 7.37237, 7.53676, 9.237850000000002, 6.523669999999999, 6.948670000000001, 6.64315, 7.91575, 2.2084200000000003, 8.0459, 4.35616, 4.475639999999999, 6.386030000000001, 4.26155, 4.3917, 2.2700100000000005, 6.79177, 6.8722199999999996, 7.0938, 7.33864, 2.94294, 2.0638, 0.7675500000000004, 1.4251100000000005, 6.1342099999999995, 21.021760000000004, 4.37593, 3.2642300000000004, 8.22024, 9.32445, 12.045810000000001, -2.1813999999999982, -9.88153, -9.88153, 6.0305, 4.52055, 5.17811, 3.08007, 2.933450000000001, -0.2055399999999996, 0.6343000000000001, 1.18466, -5.5584999999999996, -5.5584999999999996, 2.6981]

[Epoch 99/100]
P1 Score : 28, AI score : 20
Move History : [2, 10, 3, 6, 1, 8, 4, 7, 3, 6, 5, 10, 0, 9, 5, 10, 2, 6, 3, 9, 5, 8, 2, 6, 4, 6, 3, 7, 2, 6, 1, 6, 2, 7, 3, 6, 4, 6, 5, 8, 0, 6, 2, 10, 1, 7, 2, 9, 4, 10, 5, 6, 0, 11, 0, 6, 2, 7, 4, 8, 5, 9, 3, 6, 4, 7, 1, 11, 4, 8, 1, 10, 3, 9, 0, 10, 5, 9, 2, 6, 3, 7, 5, 9, 4, 10, 5, 7, 0, 8, 1, 9, 2, 10, 3, 11]
Score Track : [10.52406, 9.84191, 11.940750000000001, 12.00942, 12.3382, 14.58965, 16.270970000000002, 14.784479999999999, 15.969140000000001, 15.969140000000001, 16.85177, 18.61005, 18.44566, 17.73091, 18.20082, 16.43905, 15.2509, 16.54276, 15.49923, 16.87154, 16.70715, 16.13004, 17.00918, 8.155059999999999, 2.67833, 18.11339, 18.11339, 2.71187, 7.734030000000001, -11.116999999999999, 5.89286, 7.09729, 5.580360000000001, -10.005299999999998, -0.8641599999999992, -4.878879999999999, -6.2171199999999995, -6.2171199999999995, 6.82919, 6.82919, 5.580360000000001, 8.423079999999999, 5.82869, 5.580360000000001, -3.8909499999999997, -3.8909499999999997, -3.8909499999999997, -3.8909499999999997]

[Epoch 100/100]
P1 Score : 36, AI score : 12
Move History : [1, 9, 0, 6, 2, 9, 5, 8, 3, 6, 1, 7, 4, 9, 5, 11, 0, 10, 4, 8, 3, 6, 5, 8, 2, 10, 1, 6, 0, 11, 0, 7, 4, 10, 3, 11, 5, 6, 2, 7, 3, 8, 2, 9, 4, 11, 2, 10, 0, 6, 2, 7, 3, 9, 1]
Score Track : [8.08014, 9.12367, 10.688450000000001, 10.331590000000002, 13.77119, 15.17876, 18.15652, 12.34299, 4.486230000000001, -18.898899999999998, 6.069529999999999, 6.5627, 6.88599, 9.07715, 9.24154, 5.4801400000000005, 5.15136, 4.942060000000001, 2.9282700000000004, 8.52925, 5.39969, 2.1272700000000007, -8.21398, -8.21398, -8.21398, -4.199259999999999, 4.70471]

P1 wins: 49, Tie :  2, Agent wins : 49