[Epoch  1/100]
P1 Score : 27, AI score : 21
Move History : [2, 7, 4, 6, 5, 10, 5, 8, 3, 6, 0, 6, 3, 9, 2, 11, 3, 7, 1, 6, 0, 7, 2, 6, 3, 6, 4, 8, 3, 9, 0, 6, 1, 7, 2, 8, 4, 9, 5, 6, 2, 7, 3, 11, 5, 10, 2, 11, 1, 8, 4, 10, 5, 7, 0, 11, 1, 9, 3, 6, 4, 11, 0, 6, 1, 7, 2, 9, 4, 6, 5, 7, 3, 8, 4, 11, 0, 9, 0, 6, 5, 7, 1, 6, 2, 8, 3, 7, 5, 10, 2, 6, 3, 9, 1, 7, 4, 6, 0, 10, 2, 8, 3, 9, 4, 7, 5]
Score Track : [10.52406, 12.590019999999999, 15.005860000000002, 12.743430000000004, 11.47483, 12.437910000000002, 9.14423, 15.762830000000001, 5.66779, 2.6981, 2.94294, 2.6981, 2.6981, 10.94753, 5.99657, 5.419460000000001, 8.03711, 7.731590000000001, 0.37131000000000114, 7.201, 6.92941, 8.08014, 1.4220100000000002, -6.2171199999999995, -8.8936, 1.8189600000000001, 2.94294, -7.781899999999999, -5.10542, 1.1327000000000003, 3.80918, 2.2084200000000003, -1.5437799999999995, -1.5437799999999995, 7.8239, 7.8239, 7.8239, 7.8239, 2.31213, 2.47652, 3.3556600000000003, 7.8239, 7.8239, 7.8239, 7.8239, 4.51706, 3.82208, 2.94294, 3.74163, 3.82208, 4.701219999999999, 4.701219999999999, 3.82208]

[Epoch  2/100]
P1 Score : 37, AI score : 11
Move History : [2, 9, 5, 11, 4, 7, 3, 11, 2, 8, 5, 6, 2, 8, 3, 10, 1, 7, 2, 9, 3, 6, 0, 11, 4, 7, 5, 6, 0, 9, 0, 11, 0, 8, 5, 7, 0, 10, 0, 11, 5, 9, 1, 7, 0, 10, 0, 8, 3, 6, 5, 6, 0, 11, 1, 10, 3, 11, 0, 9, 2, 10, 5, 11]
Score Track : [10.52406, 10.33508, 7.23124, 10.35598, 8.076450000000001, 4.9561399999999995, 5.976410000000001, 5.34211, 11.883560000000001, 8.986030000000001, 9.75797, 12.18559, 5.60711, 7.734689999999999, 8.06347, 8.4727, 6.2448999999999995, 6.103770000000001, 9.13065, 6.6273800000000005, 1.51823, 4.701219999999999, -20.56645, -16.55173, 9.1039, 8.77512, 8.4696, 4.410970000000001, 5.0334900000000005, 2.16351, 4.07041, -8.8936]

[Epoch  3/100]
P1 Score : 24, AI score : 24
Move History : [0, 6, 4, 11, 0, 10, 2, 6, 3, 7, 1, 11, 2, 6, 5, 6, 4, 9, 5, 8, 4, 10, 5, 11, 3, 6, 1, 6, 0, 11, 0, 6, 4, 7, 2, 8, 5, 8, 1, 6, 3, 8, 4, 7, 0, 8, 5, 7, 1, 6, 2, 7, 3, 8, 4, 10, 1, 11, 4, 6, 0, 8, 1, 9, 4, 11, 3, 7, 2, 8, 1, 9, 2, 11, 5, 7, 0, 6, 3, 9, 4, 10, 1, 8, 2, 6, 5, 6, 3, 10, 0, 6, 1, 7, 2, 8, 5, 11, 1, 9, 2, 10, 3, 6, 5, 6, 4, 8, 5]
Score Track : [11.818080000000002, 11.10333, 8.95908, 5.090680000000001, 7.59395, 5.774990000000001, 7.66722, 8.026440000000001, 8.49635, 11.04184, 6.96644, 11.05465, 2.933450000000001, 4.92978, 5.72847, 4.84933, 5.564080000000001, -11.219769999999999, 2.64091, 2.47652, 5.24922, 5.0334900000000005, 5.0334900000000005, 5.42295, 17.994970000000002, 17.994970000000002, 17.994970000000002, 17.994970000000002, 6.0305, 3.3930800000000003, 3.08756, 14.083020000000001, 4.35616, 2.84272, -3.7671799999999998, -3.7671799999999998, -3.7671799999999998, 2.64091, 2.46903, 4.50772, 2.8053, 3.16801, 3.6379200000000003, 3.6379200000000003, 2.6981, 3.41285, 3.82208, -5.5584999999999996, 5.14742, 1.65457, -0.4320799999999996, 6.25912, 6.25912, 6.25912]

[Epoch  4/100]
P1 Score : 18, AI score : 22
Move History : [2, 6, 0, 9, 4, 11, 5, 9, 2, 7, 4, 8, 3, 11, 0, 6, 1, 8, 0, 10, 3, 6, 1, 11, 2, 6, 1, 7, 0, 8, 0, 10, 2, 11, 3, 6, 0, 7, 5, 6, 4, 6, 1, 9, 4, 7, 3, 11, 2, 10, 5, 7, 4, 9, 3, 8, 1, 11, 3, 9, 4, 10, 0, 6, 1, 9, 4, 8, 5, 10, 2, 6, 4, 7, 5, 6, 3, 8, 4, 7, 5, 10]
Score Track : [10.52406, 10.25247, 10.167200000000001, 5.93589, 9.90259, 10.44577, 11.71088, 6.45581, 8.390260000000001, 5.250680000000001, 10.94612, 13.49671, 10.106840000000002, 7.92406, 6.0537600000000005, 4.69173, 5.712, 3.07689, 6.00006, 5.7178, 6.516489999999999, 9.32445, 7.1451400000000005, 3.1101200000000007, 3.11082, 5.390350000000001, 4.68494, 5.054080000000001, 5.2353000000000005, 3.33589, 4.23324, 1.9833500000000002, 3.6285800000000004, 6.7122, 5.14742, 4.211539999999999, 3.82208, 5.090680000000001, 4.701219999999999, 5.38686, 3.90602]

[Epoch  5/100]
P1 Score : 28, AI score : 20
Move History : [5, 6, 1, 8, 5, 6, 2, 6, 0, 8, 4, 6, 2, 11, 5, 9, 5, 10, 4, 11, 2, 6, 1, 8, 5, 7, 4, 11, 2, 6, 3, 6, 4, 6, 2, 8, 5, 8, 1, 10, 3, 9, 4, 7, 5, 6, 4, 11, 5, 8, 1, 6, 4, 7, 5, 6, 2, 10, 3, 6, 0, 8, 3, 6, 5, 8, 4, 9, 3, 10, 2, 6, 5, 11, 0, 9, 3, 7, 4, 9, 3, 6, 2, 10, 0, 7, 1, 6, 4, 6, 5, 11, 3, 6, 0, 9, 4, 8, 3, 7, 1, 11, 4, 8, 3, 10, 4, 9, 2, 10, 4, 7, 1, 6, 2, 7, 3, 6, 0, 8, 5, 7, 1, 10, 0, 8, 3, 6, 4, 9, 0, 10, 1, 6, 2, 6, 4, 7, 5]
Score Track : [8.95928, 11.03486, 9.42919, 9.593580000000001, 9.593580000000001, 12.177299999999999, 14.734270000000002, 5.56918, 7.70115, 9.352229999999999, 6.95965, 12.24391, 7.651140000000001, 8.177850000000001, 4.64752, 6.019830000000001, 10.714170000000001, 6.81852, 6.02332, 6.02332, 3.7608900000000007, 7.01684, 8.96626, 8.96626, 4.52565, 4.64752, 6.40929, 7.452820000000001, 6.019830000000001, 8.58858, 8.01147, 5.2081599999999995, 5.5369399999999995, 8.309640000000002, 6.5572099999999995, 6.30888, 8.77512, 4.92978, 5.01372, 4.65101, 5.201370000000001, 7.01684, 1.1144900000000004, 5.20966, 2.86249, 10.32953, 4.75605, 6.0725, 8.51642, 7.734030000000001, -5.76404, -11.116999999999999, -4.4258, -11.116999999999999, 5.15136, 5.866110000000001, 5.866110000000001, 4.701219999999999, 5.33552, 5.580360000000001, 7.58697, 7.58697, 8.61073, 8.916250000000002, 8.11756, 8.19801, 8.44285, 8.68769, 9.096919999999999]

[Epoch  6/100]
P1 Score : 32, AI score : 16
Move History : [1, 7, 3, 10, 1, 11, 3, 8, 4, 10, 2, 6, 5, 10, 0, 9, 5, 7, 2, 6, 3, 11, 4, 6, 2, 7, 1, 9, 2, 6, 5, 10, 1, 7, 4, 11, 0, 9, 4, 10, 0, 7, 1, 6, 2, 8, 4, 11, 2, 9, 1, 11, 4, 10, 1, 11]
Score Track : [8.08014, 8.95928, 9.016470000000002, 6.90246, 7.942500000000001, 12.39879, 11.95223, 13.3924, 12.14706, 15.834990000000001, 13.68725, 7.20798, 6.7380700000000004, 6.65413, 7.040100000000001, 9.73235, 9.030680000000002, 10.231370000000002, 10.06595, 10.780700000000001, 11.331059999999999, 7.47608, 7.402810000000001, -13.896249999999998, -7.205049999999999, -9.88153, -12.78455, -10.108069999999998]

[Epoch  7/100]
P1 Score : 25, AI score : 23
Move History : [5, 8, 2, 6, 5, 8, 4, 10, 3, 8, 4, 6, 2, 8, 3, 11, 5, 9, 3, 10, 5, 6, 1, 7, 3, 11, 5, 6, 3, 7, 2, 8, 4, 6, 3, 8, 5, 6, 2, 9, 0, 7, 4, 8, 3, 9, 2, 10, 3, 6, 2, 11, 3, 7, 0, 8, 2, 9, 1, 9, 3, 11, 0, 8, 4, 7, 5, 7, 1, 10, 1, 11, 2, 6, 1, 9, 0, 10, 4, 8, 0, 11, 3, 6, 1, 9, 2, 7, 4, 8, 3, 6, 0, 10, 5, 6, 0, 10, 4, 7, 1, 8, 2, 11, 5, 10, 3, 6, 4, 9, 0, 7, 1, 8, 3, 10, 4, 9, 2, 10, 3, 11]
Score Track : [8.95928, 10.170689999999999, 12.517859999999999, 11.133769999999998, 12.01291, 10.736820000000002, 9.55695, 14.143820000000002, 5.72808, 8.851880000000001, 13.770159999999999, 10.40352, 9.352229999999999, 5.07052, 6.6576200000000005, 8.27959, 8.744679999999999, 3.0687, 8.25151, 5.926400000000001, 5.61539, 8.308700000000002, 9.302219999999998, 8.423079999999999, 7.48326, 7.95317, 3.55747, 5.564080000000001, 5.72847, 5.42295, 4.92978, 1.18466, 3.5200500000000003, 4.701219999999999, -6.6491999999999996, -11.672849999999999, 5.04527, 9.20206, 3.82208, 5.49991, 5.72498, 2.86249, 4.50772, 2.94294, 3.6611800000000003, 3.0268800000000002, 2.94294, 2.14774, 3.80918, 5.29011, 3.80918, 3.80918, 4.33052, 6.25912, 6.25912, 2.94294, -4.4468, -4.4468, -4.4468, -4.4468, -4.4468]

[Epoch  8/100]
P1 Score : 21, AI score : 27
Move History : [3, 7, 5, 6, 2, 6, 1, 7, 0, 6, 2, 7, 3, 11, 2, 8, 2, 10, 4, 7, 3, 10, 4, 7, 0, 6, 3, 8, 1, 6, 3, 11, 3, 8, 0, 7, 2, 9, 4, 9, 1, 6, 5, 10, 5, 6, 3, 6, 1, 9, 1, 10, 2, 11, 4, 6, 3, 10, 0, 6, 5, 11, 3, 10, 1, 9, 0, 10, 2, 6, 4, 6, 1, 7, 2, 9, 1, 6, 0, 11, 2, 7, 0, 10, 3, 7, 0, 9, 4, 8, 0, 6, 2, 10, 3, 11, 4, 9, 0, 11, 0, 10, 2, 11, 1, 6, 0, 8, 2, 7, 1, 11, 3, 6, 2, 9, 1, 7, 4, 7, 2, 8, 5, 10, 2, 8, 3, 6, 1, 11, 0, 7, 4, 8, 2, 6, 1, 7, 2, 9, 0, 10, 0, 8, 5, 7, 3, 9, 2, 11, 3, 6, 5, 10, 4, 11, 1, 8, 3, 7, 5, 8, 2, 6, 3, 9, 4, 6, 0, 11, 5, 7, 1, 8, 2, 6, 0, 9, 3, 10, 4, 7, 0, 11, 0, 8, 5, 6, 1, 7, 2, 8, 3, 9, 5, 6, 4, 7, 5]
Score Track : [8.95928, 11.87527, 11.32142, 10.02956, 9.75797, 9.75797, 10.66386, 5.38902, 5.42295, 10.502960000000002, 9.62382, 10.17418, 9.226870000000002, 10.667349999999999, 10.1135, 9.73471, 4.4598700000000004, 7.47957, 7.15079, 5.67128, 4.89236, 6.97942, 6.79177, 7.6744, 10.859820000000001, 11.57457, 9.26829, 5.1331999999999995, 5.5862799999999995, 7.7583400000000005, 9.608319999999999, 4.514670000000001, 10.226320000000001, 12.20302, 12.192039999999999, 8.96626, 7.157579999999999, 13.582510000000001, 13.021169999999998, 13.678729999999998, 2.6279300000000005, 4.940060000000001, 4.53314, 4.76539, 6.63663, 4.611280000000001, 4.31125, 6.21815, 3.74512, 4.70471, 3.8255700000000004, 4.5403199999999995, 5.4801400000000005, 3.34268, 3.82208, -14.452099999999998, 2.31213, 8.32292, 3.9197899999999994, 0.8315300000000008, 3.3556600000000003, -6.546429999999999, -2.7582499999999994, 5.33552, 5.580360000000001, 2.0638, 3.72186, 2.39607, 10.17107, 10.17107, -3.2113299999999994, 2.68512, 2.2991500000000005, 4.45638, 3.56975, 1.9029, 2.06729, 3.6379200000000003, 7.041510000000001, 2.0638, 7.041510000000001, 7.041510000000001, 7.041510000000001, 1.9833500000000002, 2.0638, 1.9833500000000002, 0.96308, 1.9833500000000002, 2.0638, 1.18466, 2.0638, -2.2234, -2.2234, 1.65457, 3.12956, 3.12956, 3.12956, 3.12956, 3.12956]

[Epoch  9/100]
P1 Score : 28, AI score : 20
Move History : [2, 8, 0, 6, 4, 11, 0, 6, 3, 6, 2, 10, 4, 6, 1, 8, 1, 6, 2, 7, 1, 8, 2, 11, 1, 10, 5, 10, 3, 11, 2, 9, 3, 6, 2, 8, 3, 9, 0, 6, 4, 6, 3, 7, 1, 10, 5, 10, 1, 11, 5, 9, 3, 10, 0, 7, 4, 8, 1, 9, 2, 9, 5, 11, 0, 8, 1, 7, 2, 8, 3, 9, 4, 8, 0, 6, 4, 11, 2, 9, 1, 10, 3, 11, 5, 6, 2, 8, 3, 7, 4, 7, 5, 9, 0, 8, 5, 11, 3, 6, 0, 7, 4, 6, 1, 7, 2, 8, 3, 9, 5, 6, 4, 10, 1, 7, 5, 8, 2, 11, 1, 6, 0, 7, 2, 8, 4, 6, 5, 9, 3]
Score Track : [10.52406, 9.70078, 10.9087, 2.92278, 6.3521, 8.308700000000002, 7.781599999999999, 6.90246, 7.124040000000001, 9.68101, 8.96626, 8.8032, 6.49323, 8.4159, 8.4159, 4.91911, 5.66779, 2.4793100000000003, 0.5634300000000003, 6.077020000000001, 12.823379999999998, 11.638720000000001, 9.809310000000002, 9.18086, 9.895610000000001, 5.4708, 7.93102, 8.108220000000001, 5.842459999999999, 8.77512, 7.42258, 12.21367, 6.34994, 6.35343, 6.41758, 3.1912700000000003, 5.11394, 4.2348, 12.42837, 3.50028, 2.94294, 3.9434400000000003, 3.74163, 3.82208, 6.16925, 3.74163, 6.7122, 4.03572, 5.72498, 2.14774, 2.0638, 2.31213, 2.0638, -0.4320799999999996, -0.4320799999999996, 6.25912, 6.25912, 2.94294, 2.6981, 3.88276, 2.12448, -0.4320799999999996, -0.4320799999999996, 1.4329900000000002, 1.59738]

[Epoch 10/100]
P1 Score : 30, AI score : 18
Move History : [5, 11, 0, 7, 1, 8, 5, 9, 4, 8, 1, 10, 4, 6, 0, 11, 5, 6, 1, 7, 4, 8, 0, 9, 0, 10, 2, 10, 4, 9, 1, 10, 2, 8, 3, 7, 4, 7, 5, 10, 0, 11, 1, 8, 0, 9, 2, 8, 0, 7, 5, 10, 3, 7, 5, 11, 0, 8, 2, 6, 1, 10, 4, 11, 1, 9, 0, 10, 4, 8, 5, 6, 3, 7, 4, 8, 5, 11, 2, 10, 0, 9, 5, 6, 3, 10, 4, 11, 1, 6, 3, 7, 5, 9, 4, 6, 2, 7, 5, 6, 4, 8, 5, 7, 0, 8, 1, 9, 2, 6, 3, 7, 5, 6, 4, 11, 5, 7, 0, 6, 1, 10, 0, 11, 1, 7, 0, 8, 1, 9, 3, 10, 4, 11]
Score Track : [8.95928, 8.011770000000002, 8.222010000000001, 15.09573, 10.80499, 10.09024, 9.654259999999999, 9.34874, 4.17012, 6.16925, 3.74163, 3.196060000000001, 1.689410000000001, 11.1677, 11.33209, 0.46991000000000005, 0.9398200000000001, 11.10353, 10.939139999999998, 14.49423, 14.462679999999999, 6.88749, 7.86554, 8.286380000000001, 8.308700000000002, 7.7583400000000005, 8.604880000000001, 7.979920000000001, 3.4553700000000003, 3.8300000000000005, 5.01023, 4.04715, 3.2286900000000003, 0.14392000000000005, 2.44028, 1.1641900000000005, 4.90652, 5.15136, 3.32491, 0.12377000000000038, -3.8909499999999997, 3.16801, 2.94294, 4.29199, 1.65457, 2.0638, 1.8189600000000001, 0.79869, 1.18466, 1.9833500000000002, 2.0638, 1.9833500000000002, 2.14774, 1.9833500000000002, 5.47673, 5.47673, 5.47673, 5.47673, 2.31213, 2.31213, 2.0638, 2.94294, 2.0638, -1.2144699999999997, -1.2144699999999997, -1.2144699999999997, -3.8909499999999997]

[Epoch 11/100]
P1 Score : 16, AI score : 32
Move History : [5, 11, 4, 8, 0, 9, 5, 7, 0, 8, 1, 7, 5, 8, 2, 7, 0, 8, 1, 9, 5, 6, 4, 10, 4, 6, 0, 8, 3, 8, 2, 6, 4, 9, 5, 8, 0, 10, 0, 6, 1, 11, 4, 7, 3, 10, 5, 11, 1, 6, 2, 7, 3, 10, 4, 11, 5, 8, 1, 10, 4, 7, 3, 8, 5, 11, 0, 6, 1, 7, 2, 6, 5, 8, 3, 7, 4, 7, 5]
Score Track : [8.95928, 6.49833, 8.66074, 8.71793, 8.5768, 11.133769999999998, 10.92048, 12.91079, 11.346010000000001, 12.196039999999998, 11.22999, 10.901209999999999, 11.66766, 11.66766, 12.94924, 13.4996, 13.4996, 21.7105, 15.411200000000003, 19.427480000000003, 21.69071, 3.82208, 10.32953, 4.78516, 5.37405, 5.29011, -12.2287, 15.6478, 3.74512, 3.16801, 3.88276, 4.82258, 4.64752, 1.2216900000000002, 4.715339999999999, 4.715339999999999, 14.083020000000001, 8.50352, 8.50352]

[Epoch 12/100]
P1 Score : 34, AI score : 14
Move History : [4, 11, 2, 6, 5, 9, 4, 11, 3, 8, 1, 6, 5, 6, 4, 11, 3, 7, 5, 7, 3, 11, 4, 9, 1, 6, 0, 8, 3, 10, 2, 11, 2, 10, 4, 6, 5, 9, 0, 8, 3, 11, 0, 8, 4, 7, 5, 6, 2, 7, 5, 8, 4, 9, 0, 6, 1, 6, 4, 7, 0, 11, 2, 6, 4, 8, 1, 9, 3, 7, 4, 6, 5, 8, 0, 9, 2, 10, 4, 7, 5, 10, 3, 6, 1, 8, 2, 7, 5, 8, 3, 9, 2, 11, 4, 10, 3, 6, 1, 7, 0, 8, 2, 9, 3, 6, 1, 10, 4, 11, 2, 7, 3, 8, 5, 7, 0, 6, 1, 9, 5, 6, 4, 6, 3, 7, 4, 10, 5, 7, 1, 6, 2, 11, 0, 6, 5, 6, 2, 7, 1, 8, 4, 11, 2, 10, 0, 6, 5, 7, 3]
Score Track : [10.52406, 6.103770000000001, 6.3521, 6.7380700000000004, 6.845269999999999, 6.90246, 7.61721, 8.5231, 2.5525800000000003, 3.5728500000000003, 4.85443, 8.194320000000001, 7.32197, 6.210270000000001, 10.667349999999999, 9.18086, 3.90602, 5.25507, 7.02862, 4.92978, 12.89584, 2.3830899999999997, 4.7886500000000005, 4.95304, 5.117430000000001, -10.108069999999998, 5.117430000000001, 5.66779, 4.55609, 5.17113, 5.17113, 3.6844400000000004, 3.41285, 2.53371, 6.55042, 7.81553, 7.66506, 6.100280000000001, 7.613720000000001, 8.13733, 7.25819, 7.97294, 8.217780000000001, 12.912120000000002, 8.13733, 7.97294, 9.54706, 3.1912700000000003, 3.90602, 3.82208, -7.658129999999998, -11.672849999999999, 4.07041, 5.38686, 5.49991, 3.3930800000000003, 3.16801, 3.90602, 5.4708, 5.38686, 4.94955, 4.07041, 5.38686, 3.150560000000001, 5.33552, 4.45638, 9.24747, 2.6981, 2.86249, 2.94294, -8.8936, 2.86249, 1.5857800000000002, 2.9240200000000005, 4.262260000000001]

[Epoch 13/100]
P1 Score : 16, AI score : 32
Move History : [5, 6, 3, 10, 3, 7, 5, 10, 1, 9, 1, 11, 5, 10, 2, 6, 3, 6, 4, 7, 3, 6, 1, 7, 2, 10, 0, 6, 3, 7, 5, 6, 4, 8, 3, 11, 2, 6, 1, 7, 2, 9, 4, 6, 2, 7, 0, 8, 3, 6, 1, 11, 0, 7, 3, 9, 1, 11, 5, 6, 4, 6, 2, 7, 3, 8, 4, 9, 5]
Score Track : [8.95928, 12.08884, 12.928420000000003, 13.52635, 13.52635, 10.95291, 3.81808, 5.083190000000001, 4.20405, 3.7389300000000008, 5.34929, 5.94966, 10.066980000000001, 9.34874, 9.51313, 16.5196, 22.03069, 18.448050000000002, 4.601000000000001, 16.43019, 14.86541, 6.993580000000001, 4.701219999999999, -7.884669999999999, 5.27833, 4.701219999999999, 2.0638, -9.449449999999999, 2.53371, 5.37396, 9.38868, 9.38868, 9.38868, 9.38868]

[Epoch 14/100]
P1 Score : 11, AI score : 37
Move History : [4, 11, 1, 9, 5, 6, 2, 9, 0, 6, 2, 7, 3, 9, 0, 6, 5, 10, 3, 6, 0, 9, 2, 7, 4, 11, 0, 8, 5, 7, 4, 10, 2, 8, 1, 7, 4, 8, 5, 8, 3, 6, 1, 10, 1, 9, 4, 6, 0, 10, 1, 7, 2, 11, 0, 6, 3, 10, 4, 9, 5, 8, 1, 7, 2, 8, 3, 6, 1, 8, 2, 7, 0, 11, 5, 8, 3, 7, 4, 6, 0, 7, 5, 10, 2, 7, 4, 8, 3, 10, 1, 9, 3, 8, 2, 9, 3, 6, 5, 10, 4, 6, 5]
Score Track : [10.52406, 5.85544, 9.603000000000002, 6.7380700000000004, 9.22288, 9.387270000000001, 8.5768, 9.29155, 9.45594, 10.96938, 12.97599, 12.97599, 12.834859999999999, 4.305759999999999, 9.01627, 10.281380000000002, 12.782490000000001, 9.87584, 11.440620000000001, 12.811600000000002, 13.74208, 14.65515, 15.92026, 13.4507, 13.20237, 11.73434, 13.83667, 2.86249, 3.90602, 5.17462, 11.04184, 7.0366100000000005, 8.794889999999999, 7.91575, 8.90342, 7.33864, 0.9398200000000001, 4.154350000000001, 3.27521, 6.30209, 5.99657, 6.466480000000001, 6.40929, 7.12537, 3.8930400000000005, 6.90964, 6.37905, 6.21466, 6.37905, 8.630500000000001, 14.86541]

[Epoch 15/100]
P1 Score : 19, AI score : 29
Move History : [2, 6, 1, 11, 1, 8, 2, 9, 0, 6, 5, 10, 5, 7, 3, 11, 2, 8, 5, 7, 3, 10, 0, 6, 3, 9, 4, 6, 1, 11, 2, 7, 0, 8, 2, 9, 5, 9, 0, 10, 2, 6, 4, 11, 1, 7, 5, 6, 3, 6, 4, 7, 5, 8, 2, 11, 0, 6, 3, 8, 1, 10, 4, 6, 1, 7, 2, 8, 3, 9, 5, 6, 1, 8, 3, 10, 4, 9, 5, 6, 2, 11, 2, 7, 4, 8, 5, 6, 0, 7, 3, 10, 1, 9, 5, 8, 4, 10, 0, 11]
Score Track : [10.52406, 12.59964, 7.86554, 8.087119999999999, 6.54693, 8.14431, 2.25354, 10.231370000000002, 4.97979, 5.67128, 5.03698, 1.9734700000000007, 1.9364400000000002, 8.28195, 8.30172, 9.29881, -0.9669299999999987, -11.672849999999999, 6.15747, 3.6032900000000008, 5.7924500000000005, 6.4595, -0.7352199999999995, 0.3138000000000005, 5.4708, 7.81797, 7.81797, 6.41758, 1.61315, 4.410970000000001, 5.97575, 4.26288, 2.94294, 1.0299300000000002, -0.30830999999999875, 4.37593, 4.37593, 5.38686, 4.701219999999999, 7.041510000000001, 7.041510000000001, 2.0638, -0.9879299999999995, 1.9833500000000002, 0.35031000000000034, 0.35031000000000034, -0.9879299999999995, 2.86249, 3.57724, 4.761900000000001]

[Epoch 16/100]
P1 Score : 34, AI score : 14
Move History : [1, 8, 4, 6, 5, 9, 1, 11, 4, 8, 5, 11, 2, 8, 5, 7, 0, 11, 3, 6, 4, 11, 1, 9, 5, 6, 0, 10, 4, 7, 1, 6, 4, 10, 2, 9, 1, 6, 0, 8, 3, 6, 4, 11, 5, 10, 2, 7, 0, 10, 3, 6, 1, 11, 2, 10, 4, 9, 0, 6, 2, 7, 5]
Score Track : [8.08014, 12.037500000000001, 11.98616, 14.02781, 6.90246, 5.916119999999999, 6.02332, 8.580290000000002, 8.27477, 7.00966, 6.757840000000001, 5.8787, 10.99857, 16.84868, 8.80667, 6.76851, 9.080639999999999, 8.30521, 8.69118, 9.631, 10.38878, 8.45862, 9.941120000000002, 6.137700000000001, 1.3621200000000009, 5.257860000000001, 17.21258, -1.975859999999999, 2.86249, 2.8550000000000004, 2.7083800000000005]

[Epoch 17/100]
P1 Score : 26, AI score : 22
Move History : [2, 7, 0, 9, 3, 10, 4, 10, 2, 6, 1, 6, 2, 11, 3, 6, 1, 9, 5, 6, 1, 9, 3, 11, 0, 6, 2, 10, 2, 7, 5, 8, 3, 11, 2, 7, 1, 10, 1, 7, 0, 6, 0, 7, 4, 7, 2, 6, 5, 6, 3, 8, 4, 11, 4, 9, 3, 6, 1, 6, 5, 9, 4, 8, 3, 6, 2, 6, 4, 9, 3, 6, 5, 10, 5, 7, 4, 8, 3, 9, 0, 11, 1, 10, 4, 6, 3, 7, 4, 8, 0, 9, 1, 11, 2, 6, 1, 7, 2, 8, 5, 6, 2, 9, 4, 7, 3, 6, 4, 10, 1, 8, 5, 8, 2, 11, 0, 6, 3, 7, 2, 11, 3, 8, 1, 9, 1, 11, 3, 10, 1, 11]
Score Track : [10.52406, 13.79794, 9.6552, 13.52635, 11.93925, 13.41566, 13.41566, 11.540939999999999, 4.520159999999999, 7.781599999999999, 9.237850000000002, 8.00761, 6.986400000000001, 11.79512, 5.07052, 6.11954, 8.55354, 5.83567, 3.5200500000000003, 5.564080000000001, 4.62077, 7.0483899999999995, 7.22908, 7.22908, 10.78417, 10.56844, 9.59707, 6.16445, 0.9603800000000007, 6.27883, 3.8488300000000004, 12.24873, 9.48995, 4.23829, 4.40268, 4.40268, 4.56707, 4.2751600000000005, 5.72847, 5.39969, -7.884669999999999, -10.56115, -6.546429999999999, 4.10783, 4.51706, 4.68145, 6.993580000000001, 1.9833500000000002, 3.6285800000000004, -3.8699499999999993, 3.1912700000000003, 2.94294, 10.95346, 10.95346, 10.95346, 5.580360000000001, 5.6643, 5.49991, 2.30464, 5.29011, -1.0906999999999991, -7.781899999999999, 1.5857800000000002, -2.655479999999999, -5.002649999999999, -2.3261699999999994]

[Epoch 18/100]
P1 Score : 44, AI score :  4
Move History : [3, 6, 0, 9, 4, 6, 2, 9, 3, 6, 5, 9, 0, 10, 0, 6, 2, 8, 2, 9, 1, 7, 4, 6, 2, 11, 4, 7, 2, 8, 3, 11, 0, 10, 2, 6, 4, 6, 5, 7, 0, 10, 2, 11, 3, 6, 0, 7, 2, 8, 3, 9, 2, 7, 5, 10, 3, 8, 5, 11, 2, 7, 4]
Score Track : [8.95928, 8.68769, 11.731980000000002, 12.514370000000001, 13.254760000000001, 14.04278, 12.99925, 14.48594, 13.465670000000001, 13.4996, 14.37874, 14.398509999999998, 19.90917, 4.82258, 7.53676, 5.563689999999999, 6.00006, 5.69454, 5.36576, 5.07052, 5.563689999999999, 7.468590000000002, 5.22463, 5.63386, 4.91911, 7.313020000000001, 6.6273800000000005, 6.6273800000000005, 6.3825400000000005, 6.0537600000000005, 3.41634]

[Epoch 19/100]
P1 Score : 19, AI score : 29
Move History : [0, 7, 4, 6, 5, 7, 3, 7, 5, 11, 0, 9, 2, 9, 0, 10, 1, 9, 5, 7, 2, 10, 3, 11, 1, 6, 5, 6, 4, 11, 1, 6, 5, 6, 0, 7, 2, 10, 1, 8, 0, 6, 3, 11, 2, 7, 0, 8, 1, 9, 1, 10, 3, 6, 2, 7, 4, 10, 0, 11, 2, 8, 0, 6, 5, 10, 3, 8, 4, 6, 5, 6, 1, 11, 4, 9, 1, 11, 3, 7, 5, 11, 4, 9, 5, 8, 1, 10, 0, 9, 1, 10, 2, 6, 3, 7, 5, 7, 4, 8, 5]
Score Track : [11.818080000000002, 12.53283, 13.354780000000002, 12.63654, 12.75441, 8.137129999999999, 8.137129999999999, 9.67383, 9.11864, 7.01684, 6.54693, 11.21904, 7.68618, 5.5034, 15.88427, 11.77882, 12.0913, 13.3599, 18.65594, 16.86609, 5.49991, 7.927530000000001, 4.410970000000001, -2.7582499999999994, -2.7582499999999994, -5.434729999999999, 3.3324000000000003, 4.29199, 2.86249, 4.43661, 2.6981, 2.7015900000000004, 4.2150300000000005, 3.74163, 3.57724, 6.938739999999999, 6.938739999999999, 5.29011, 3.0998399999999995, 2.94294, 3.0268800000000002, 2.6176500000000003, -3.8909499999999997, -3.8909499999999997, 3.00362, 0.12377000000000038, 0.12377000000000038, 0.12377000000000038, 5.47673, 3.91195]

[Epoch 20/100]
P1 Score : 36, AI score : 12
Move History : [3, 9, 0, 6, 2, 10, 0, 9, 4, 9, 3, 7, 4, 9, 5, 7, 2, 9, 1, 9, 4, 10, 4, 11, 1, 6, 5, 11, 2, 9, 5, 6, 0, 6, 5, 8, 5, 7, 1, 10, 1, 8, 3, 11, 4, 10, 0, 8, 4, 9, 4, 10, 2, 11, 1, 10, 0, 9, 5, 10, 1, 7, 2]
Score Track : [8.95928, 12.75441, 13.669920000000001, 8.374680000000001, 12.66831, 15.45035, 17.492, 14.5092, 14.5092, 14.23761, 14.37874, 13.63724, 4.92978, 7.01684, 9.43165, 6.852449999999999, 6.54693, 6.54693, 6.265999999999999, -17.889969999999998, -17.889969999999998, 9.573810000000002, 7.28843, -13.216629999999999, -17.23135, 8.1689, 6.04078, -11.672849999999999, 4.90652, 4.386030000000002, 10.85069]

[Epoch 21/100]
P1 Score : 23, AI score : 25
Move History : [5, 6, 4, 10, 0, 6, 2, 11, 5, 8, 4, 9, 4, 6, 1, 6, 5, 6, 4, 7, 3, 7, 5, 6, 4, 6, 0, 6, 3, 11, 3, 9, 5, 6, 0, 11, 1, 10, 4, 8, 0, 10, 5, 9, 1, 10, 3, 7, 4, 6, 2, 11, 0, 8, 2, 7, 5, 6, 3, 10, 0, 8, 1, 7, 4, 6, 3, 10, 4, 11, 0, 7, 5, 9, 4, 10, 3, 6, 5, 11, 2, 6, 3, 7, 1, 8, 4, 9, 2, 10, 3, 11, 0, 6, 4, 7, 1, 9, 2, 10, 3, 8, 4, 11, 5, 7, 0, 6, 1, 7, 2, 11, 0, 8, 3, 10, 4, 11, 5]
Score Track : [8.95928, 12.08884, 13.740750000000002, 10.80499, 2.6385199999999998, 7.781599999999999, 7.510009999999999, 3.8125900000000006, 0.7784600000000008, 7.02712, 9.352229999999999, 9.845400000000001, 9.68101, 10.17418, 10.4682, 4.50772, 6.2448999999999995, 6.65413, 4.0413, -13.340399999999999, -13.340399999999999, 6.0537600000000005, 6.46299, 7.013350000000001, 7.17774, 7.42258, 3.0268800000000002, 1.11998, 3.0268800000000002, 7.6372800000000005, 8.51642, 3.82208, 3.74163, 10.86359, 4.701219999999999, 2.0638, 2.12448, 3.16801, 3.41285, 3.57724, 2.0440300000000002, 1.5741200000000002, -3.4378699999999993, 1.8189600000000001, 3.3324000000000003, 0.9061600000000003, 2.12448, 2.0638, -4.4468, -4.4468, 0.9061600000000003, 0.9061600000000003, 2.86249, 3.74163, 5.38686, -1.7703199999999997, 3.5826400000000005, -0.4320799999999996, 0.9061600000000003]

[Epoch 22/100]
P1 Score : 24, AI score : 24
Move History : [5, 7, 4, 7, 1, 8, 5, 6, 0, 6, 3, 10, 2, 6, 3, 9, 2, 7, 3, 11, 3, 6, 2, 10, 5, 8, 0, 7, 1, 9, 0, 6, 5, 6, 1, 8, 3, 8, 4, 6, 5, 6, 2, 10, 5, 9, 2, 7, 3, 10, 4, 6, 5, 11, 2, 8, 4, 11, 1, 10, 4, 11, 5, 8, 3, 9, 0, 10, 5, 6, 4, 7, 5, 9, 2, 11, 3, 6, 4, 7, 0, 10, 0, 8, 1, 10, 2, 9, 3, 10, 4, 11]
Score Track : [8.95928, 12.53283, 12.53283, 13.202000000000002, 13.63355, 12.918800000000001, 13.3924, 9.673330000000002, 15.427090000000002, 14.329839999999999, 3.5468, 6.85489, 6.40929, 5.19788, 5.12771, 2.546780000000001, 8.14431, 7.8387899999999995, 5.91263, 9.26829, 10.42731, 11.992090000000001, 17.994970000000002, 9.096919999999999, 4.22681, 9.73122, 9.73122, 3.33589, 4.02738, 7.49459, 7.49459, 3.8023100000000003, 2.0638, 2.0638, 4.51706, 3.82208, 4.211539999999999, 3.0268800000000002, 0.96308, 1.18466, -3.3350999999999997, -0.6586199999999998, -0.6586199999999998, -3.3350999999999997, -3.3350999999999997, -3.3350999999999997]

[Epoch 23/100]
P1 Score : 24, AI score : 24
Move History : [0, 7, 5, 7, 2, 6, 4, 6, 0, 10, 3, 9, 1, 8, 5, 6, 2, 10, 1, 8, 3, 8, 2, 9, 3, 11, 4, 11, 5, 7, 4, 6, 1, 7, 0, 8, 2, 11, 1, 9, 4, 10, 0, 6, 4, 6, 1, 7, 3, 7, 4, 8, 2, 9, 3, 10, 4, 11, 0, 6, 5, 8, 1, 10, 2, 6, 4, 6, 5, 6, 3, 9, 0, 11, 2, 7, 1, 10, 5, 8, 0, 9, 3, 11, 5, 6, 0, 7, 4, 6, 5, 6, 1, 7, 2, 9, 3, 8, 4, 9, 5]
Score Track : [11.818080000000002, 13.90514, 12.918800000000001, 14.4555, 14.619890000000002, 14.076710000000002, 12.45607, 14.65862, 13.876230000000001, 14.09781, 14.35548, 13.41566, 14.10715, 6.95965, 3.17723, 7.20798, 7.37237, 7.86554, 5.64104, 4.88088, 2.1615100000000003, 5.4801400000000005, 5.64453, 5.33901, 4.35616, 4.57774, 4.272220000000001, 3.9667000000000003, 3.6611800000000003, 0.46991000000000005, 3.0268800000000002, 2.86249, 3.57724, 4.45638, 4.45638, 6.02116, 5.49991, 2.92317, 0.5768500000000003, -5.002649999999999, -5.002649999999999, -5.002649999999999, 0.6343000000000001, 1.18466, 0.79869, 1.9833500000000002, 2.0638, 1.2354700000000003, 3.91195, 3.91195]

[Epoch 24/100]
P1 Score : 19, AI score : 29
Move History : [2, 9, 3, 7, 0, 10, 4, 7, 0, 8, 5, 8, 4, 6, 1, 8, 0, 6, 1, 9, 3, 7, 4, 10, 4, 8, 1, 10, 3, 6, 0, 8, 5, 8, 4, 11, 1, 6, 3, 7, 2, 7, 1, 8, 1, 11, 5, 7, 3, 10, 4, 6, 0, 9, 1, 10, 2, 11, 0, 7, 4, 10, 3, 8, 5, 8, 2, 6, 3, 9, 0, 7, 5, 11, 2, 6, 3, 7, 4, 10, 5, 8, 1, 6, 3, 7, 4, 10, 2, 9, 3, 6, 4, 8, 0, 10, 1, 11, 5, 6, 3, 7, 4, 9, 2, 8, 1, 10, 0, 6, 3, 7, 2, 8, 3, 11]
Score Track : [10.52406, 10.0063, 9.13744, 13.40728, 10.66316, 14.730780000000001, 14.730780000000001, 18.41522, 18.193640000000002, 37.55472, 17.9536, 17.53259, 17.44998, 17.56652, 18.28127, 17.975749999999998, 19.51245, 19.51245, 4.5403199999999995, 8.53139, 6.523669999999999, 8.40093, 7.124040000000001, 5.97331, 5.09417, 6.0305, 6.194890000000001, 6.70783, 7.77062, 5.29011, 4.42727, 3.8023100000000003, 4.43661, 2.86249, -0.30830999999999875, 3.82208, 6.6648000000000005, 2.7015900000000004, 3.25195, 2.56046, 3.16801, 8.60629, 3.82208, 3.74163, 8.60629, 4.62077, 4.701219999999999, 5.580360000000001, 8.60629, 1.9833500000000002, -0.7613899999999996, 2.86249, 3.4967900000000003, 3.0268800000000002, 2.0563100000000003, 5.23181, 5.3962, -2.0996299999999994]

[Epoch 25/100]
P1 Score : 22, AI score : 26
Move History : [0, 10, 3, 6, 1, 9, 0, 6, 1, 7, 0, 9, 4, 9, 1, 6, 2, 7, 1, 9, 5, 6, 0, 9, 1, 11, 3, 9, 1, 7, 5, 8, 1, 10, 0, 11, 3, 6, 4, 7, 2, 7, 3, 8, 4, 10, 2, 9, 0, 6, 5, 8, 3, 7, 5, 6, 1, 6, 5, 9, 4, 11, 1, 6, 4, 9, 5, 6, 3, 6, 5, 6, 0, 10, 2, 7, 2, 9, 0, 6, 5, 11, 2, 10, 1, 6, 4, 8, 2, 9, 3, 6, 5, 10, 4, 7, 5]
Score Track : [11.818080000000002, 9.18086, 10.74564, 12.57156, 14.670399999999999, 4.696720000000001, 13.465670000000001, 13.90883, 13.90883, 13.19408, 15.60992, 16.54974, 15.60992, 12.02233, 7.61721, 21.59861, 9.586400000000001, 10.885440000000001, 6.95965, 3.74163, 6.7380700000000004, 6.26816, 7.322360000000001, 3.9660000000000006, 2.46284, 3.6727600000000007, 6.5462299999999995, 5.990379999999999, 14.76264, 8.07144, 9.650770000000001, 3.0268800000000002, -1.1934699999999996, 6.63569, 5.2353000000000005, 5.2353000000000005, 5.39969, 9.05397, 4.211539999999999, 2.6906100000000004, 2.8550000000000004, 2.84272, 3.80918, 7.8239, 7.8239, 5.47673, 5.47673, 5.47673]

[Epoch 26/100]
P1 Score : 26, AI score : 22
Move History : [2, 11, 0, 6, 2, 7, 5, 6, 3, 6, 4, 8, 2, 7, 1, 6, 3, 6, 0, 8, 4, 11, 5, 6, 3, 9, 4, 7, 3, 8, 5, 11, 1, 10, 3, 6, 1, 9, 5, 10, 0, 11, 0, 6, 2, 7, 4, 11, 3, 6, 1, 8, 1, 6, 2, 11, 4, 10, 3, 6, 0, 7, 1, 8, 4, 6, 2, 7, 5, 8, 3, 6, 4, 9, 0, 11, 5]
Score Track : [10.52406, 9.767389999999999, 5.17113, 7.80835, 7.91206, 9.07346, 4.157450000000001, 7.8387899999999995, 8.00318, 7.697660000000001, 10.4471, 10.2536, 4.9697499999999994, 6.0301100000000005, 7.15448, 8.25151, 5.63735, 7.181229999999999, 6.466480000000001, 6.1342099999999995, 7.25819, 3.74163, 6.34994, 4.95304, 3.05363, 6.513300000000001, 2.6981, 2.94294, 1.8189600000000001, 2.53371, 2.94294, -5.661269999999999, 5.2353000000000005, 4.92978, 4.62077, 7.65358, 3.90602, 5.419460000000001]

[Epoch 27/100]
P1 Score : 17, AI score : 31
Move History : [1, 7, 2, 11, 4, 6, 1, 7, 3, 8, 4, 10, 3, 6, 1, 7, 3, 8, 4, 11, 0, 9, 5, 11, 2, 9, 5, 8, 1, 11, 0, 10, 0, 7, 0, 6, 0, 7, 2, 8, 3, 11, 2, 6, 0, 8, 3, 10, 2, 11, 4, 7, 5, 11, 3, 7, 1, 7, 5, 10, 1, 7, 2, 6, 4, 6, 0, 11, 3, 8, 5, 7, 0, 8, 2, 6, 3, 8, 5, 11, 1, 6, 2, 10, 4, 8, 3, 11, 0, 9, 3, 6, 5, 6, 4, 6, 5]
Score Track : [8.08014, 8.95928, 9.739310000000001, 9.56663, 8.38197, 6.442829999999999, 6.33763, 6.805539999999999, 8.49635, 9.53988, 2.3881900000000003, 8.244530000000001, 8.21542, 8.37981, 8.463750000000001, 3.94305, 2.5597600000000003, 8.63748, 8.33196, 8.88232, 9.620330000000001, 5.22463, 5.30508, 5.63386, 5.28182, 6.65413, 8.35522, 3.6087800000000003, 5.8089200000000005, 5.8089200000000005, 7.59528, 5.99657, 5.99657, 6.466480000000001, 4.23829, 6.2448999999999995, 6.49323, 6.49323, 6.7394, 8.44531, 7.56617, 5.428710000000001, 17.994970000000002, 15.31849, 4.272220000000001, 12.51824, 10.17107, 10.17107]

[Epoch 28/100]
P1 Score : 28, AI score : 20
Move History : [4, 6, 2, 7, 5, 8, 3, 11, 4, 6, 0, 7, 0, 8, 2, 6, 5, 7, 4, 10, 0, 11, 1, 6, 3, 8, 2, 6, 3, 8, 1, 9, 1, 6, 5, 7, 3, 7, 0, 10, 2, 8, 4, 11, 0, 6, 4, 8, 5, 10, 0, 11, 3, 6, 1, 6, 3, 7, 4, 9, 3, 8, 4, 7, 1, 10, 3, 11, 4, 9, 1, 10, 3, 6, 0, 8, 4, 7, 2, 10, 1, 11, 3, 9, 1, 10, 2, 11, 0, 8, 4, 7, 5, 9, 2, 6, 4, 7, 3, 8, 4, 11, 0, 10, 5, 6, 0, 7, 1, 6, 3, 7, 2, 9, 0, 10, 4, 6, 5, 11, 1, 8, 0, 9, 3, 10, 4, 11]
Score Track : [10.52406, 12.87123, 14.126720000000002, 10.918980000000001, 8.30152, 8.79469, 9.509440000000001, 8.06347, 10.40835, 8.08673, 11.40187, 8.70645, 7.23842, 9.91437, 8.82646, 7.26168, 8.916250000000002, 8.77512, 5.933190000000001, 12.26124, 9.18086, 14.462679999999999, 5.11394, 5.11394, 0.846000000000001, 7.724410000000001, 4.37593, 10.940570000000001, 9.07027, 7.498530000000001, 4.78516, 7.402810000000001, -6.422659999999999, 8.50353, 3.88625, 3.88625, 4.601000000000001, 4.29548, 4.13109, 4.62077, 5.33552, -10.005299999999998, -5.99058, -3.314099999999999, -10.005299999999998, 2.3728100000000003, 5.4708, 4.94955, 5.419460000000001, 4.94955, 4.94955, 2.8659800000000004, 3.27521, 3.6611800000000003, 3.57724, 3.82208, -2.4289399999999994, 5.6005, 4.45638, 4.45638, 1.8189600000000001, 0.02100000000000035, 1.0912300000000004, 1.1327000000000003]

[Epoch 29/100]
P1 Score : 40, AI score :  8
Move History : [5, 9, 0, 6, 3, 8, 1, 8, 5, 7, 3, 8, 0, 10, 5, 6, 2, 10, 4, 11, 2, 10, 5, 7, 3, 9, 1, 7, 0, 6, 3, 8, 2, 11, 2, 10, 4, 6, 0, 10, 1, 6, 4, 6, 2, 11, 2, 6, 0, 7, 1, 9, 5, 9, 0, 7, 1, 11, 4, 10, 1, 8, 5, 11, 1, 7, 2, 7, 0, 6, 1, 8, 3]
Score Track : [8.95928, 12.300270000000001, 9.693290000000001, 11.04634, 11.04634, 12.775510000000002, 12.91531, 14.75886, 14.298290000000001, 17.59327, 7.209309999999999, 6.35928, 8.76794, 8.14082, 7.42607, 7.59046, 2.51394, -20.56645, -1.0876499999999996, -2.3404799999999994, 8.40492, 7.379159999999999, 7.379159999999999, 3.3837400000000004, 3.6285800000000004, -15.110719999999999, 6.619890000000001, 5.599620000000001, 5.294100000000001, 3.3556600000000003, 3.57724, 8.530280000000001, 4.43661, -6.875739999999999, -8.21398, -8.21398]

[Epoch 30/100]
P1 Score : 26, AI score : 22
Move History : [1, 7, 4, 11, 1, 7, 3, 9, 1, 11, 0, 8, 2, 9, 4, 8, 5, 10, 3, 6, 1, 6, 5, 10, 3, 6, 0, 11, 1, 7, 2, 11, 5, 7, 3, 6, 4, 6, 1, 8, 4, 7, 2, 8, 0, 9, 0, 6, 4, 10, 5, 11]
Score Track : [8.08014, 10.993970000000001, 7.380660000000001, 5.20647, 6.27844, 6.35343, 5.83567, 6.55042, 11.693549999999998, 9.81107, 8.98736, 7.42258, 8.13733, 8.217780000000001, 3.82208, 5.92441, 2.86249, 4.7327900000000005, 5.28182, 5.28182, 5.01023, 5.01023, 6.11444, 0.09351999999999983, 4.14137, -7.226049999999999]

[Epoch 31/100]
P1 Score : 11, AI score : 37
Move History : [3, 6, 2, 6, 4, 6, 0, 9, 4, 8, 1, 10, 3, 7, 3, 9, 1, 8, 2, 6, 4, 7, 0, 6, 3, 6, 2, 11, 5, 6, 2, 10, 0, 7, 0, 8, 1, 6, 4, 6, 5, 10, 0, 11, 1, 7, 5, 8, 2, 6, 4, 9, 2, 6, 4, 7, 3, 9, 1, 10, 0, 7, 1, 11, 1, 8, 3, 11, 4, 8, 5, 11, 1, 7, 3, 9, 0, 6, 4, 7, 2, 11, 4, 6, 5, 6, 3, 8, 2, 10, 4, 7, 5, 9]
Score Track : [8.95928, 10.52406, 14.6004, 14.63433, 16.6968, 11.496480000000002, 11.38928, 10.774750000000001, 10.939139999999998, 11.10353, 13.19059, 12.31145, 13.876230000000001, 16.42868, 6.711320000000001, 8.14431, 8.75186, 8.44634, 10.009789999999999, 13.304770000000001, 13.169789999999999, 11.99098, 8.28092, 7.6404700000000005, 8.0497, 7.17056, 8.272080000000003, 9.67247, 12.718620000000001, 10.37145, 7.33864, 0.9398200000000001, -12.331469999999998, 4.601000000000001, 4.37942, 6.63087, 5.52666, 4.81191, 5.117430000000001, 5.38686, 9.02589, 5.7028300000000005, 6.74636, 2.594710000000001, 5.38686, 4.701219999999999, 4.62077]

[Epoch 32/100]
P1 Score : 22, AI score : 26
Move History : [4, 10, 2, 7, 3, 10, 0, 9, 4, 8, 0, 9, 5, 6, 4, 10, 2, 6, 5, 8, 0, 11, 4, 8, 2, 10, 0, 7, 1, 10, 2, 8, 0, 10, 1, 7, 4, 6, 3, 7, 4, 8, 5, 11, 4, 9, 3, 6, 0, 7, 1, 8, 5, 9, 4, 7, 5, 8, 2, 6, 5, 6, 4, 10, 2, 6, 1, 7, 4, 8, 0, 9, 1, 10, 3, 8, 5, 7, 2, 8, 4, 9, 5, 6, 3, 7, 4, 8, 5]
Score Track : [10.52406, 9.84191, 9.630609999999999, 12.16047, 14.372890000000002, 12.8653, 14.402, 15.116750000000001, 14.2948, 14.2948, 14.459190000000001, 4.48313, 4.64752, 3.5090700000000004, 7.0483899999999995, 5.580360000000001, 4.701219999999999, 21.90692, 10.231370000000002, 10.231370000000002, 7.48326, 10.20462, 5.69454, 4.56358, 4.29199, 4.29199, 6.057250000000001, 13.19786, 14.86541, 14.86541, 14.86541, 10.85069, 6.21466, 6.4595, 0.46991000000000005, 0.9398200000000001, 2.0346900000000003, 6.6094300000000015, 11.735850000000001, 11.735850000000001, 1.1042100000000001, 9.38868, 9.38868, 9.38868]

[Epoch 33/100]
P1 Score : 31, AI score : 17
Move History : [3, 9, 5, 6, 0, 11, 0, 10, 0, 6, 3, 8, 4, 9, 2, 10, 3, 6, 4, 9, 0, 6, 3, 11, 2, 10, 5, 7, 5, 10, 3, 9, 4, 8, 0, 10, 5, 11, 0, 9, 1, 6, 0, 7, 2, 6, 0, 10, 1, 7, 3, 6, 2, 7, 3, 9, 4, 6, 0, 7, 5]
Score Track : [8.95928, 11.87527, 13.576360000000001, 6.798360000000001, 5.749340000000001, 3.14236, 9.26829, 8.179850000000002, 6.485550000000002, 6.485550000000002, 10.86218, 7.44514, 6.48974, 6.90246, -17.43689, 6.81852, 7.86205, 7.8353, 12.55875, 4.896120000000001, 2.86249, 4.50772, 2.6981, 2.94294, -0.08176999999999968, 10.62415, 10.62415, 10.62415, 5.49991, 7.927530000000001]

[Epoch 34/100]
P1 Score : 19, AI score : 29
Move History : [5, 6, 4, 7, 0, 11, 1, 6, 3, 10, 3, 9, 4, 7, 1, 9, 0, 10, 2, 6, 4, 8, 4, 6, 1, 7, 0, 8, 2, 11, 3, 9, 2, 10, 0, 11, 4, 8, 5, 11, 2, 7, 3, 10, 2, 8, 3, 9, 3, 7, 2, 6, 5, 6, 3, 11, 4, 6, 2, 7, 1, 7, 5, 8, 4, 6, 5, 8, 0, 9, 4, 10, 1, 11, 0, 6, 3, 6, 2, 6, 1, 7, 5, 10, 1, 11, 3, 7, 4, 6, 5, 6, 2, 7, 1, 9, 3, 8, 4, 9, 2, 11]
Score Track : [8.95928, 12.08884, 11.585520000000002, 5.06024, 6.59694, 6.32535, 7.651140000000001, 7.181229999999999, 7.181229999999999, 7.976430000000001, 7.976430000000001, 7.58697, 7.33864, 0.9398200000000001, 1.7385100000000002, 3.5200500000000003, 5.72847, 5.49042, 0.2511200000000007, 7.20798, 4.64752, 5.30508, 1.4877900000000004, -0.42259999999999964, 6.711320000000001, 6.711320000000001, 6.87571, 7.59046, 3.74512, 3.74512, 4.2348, 6.58197, 4.39919, 4.56358, 3.4498800000000007, 6.3825400000000005, 2.6169500000000006, 2.13276, 2.86249, 4.26288, 4.50772, 2.6981, 3.41285, 1.65457, 1.8189600000000001, 1.8189600000000001, 2.0638, -4.4468, -0.4320799999999996, 0.9061600000000003, -0.4320799999999996]

[Epoch 35/100]
P1 Score : 21, AI score : 27
Move History : [4, 10, 2, 8, 0, 7, 0, 10, 3, 11, 2, 9, 2, 10, 3, 6, 4, 6, 0, 7, 1, 10, 1, 7, 4, 8, 0, 10, 5, 10, 2, 11, 3, 10, 5, 9, 2, 10, 3, 7, 1, 9, 5, 11, 1, 8, 1, 11, 3, 9, 2, 10, 4, 10, 0, 6, 2, 8, 4, 11, 4, 7, 1, 10, 5, 9, 3, 6, 4, 10, 2, 6, 1, 9, 3, 7, 2, 11, 3, 10, 5, 10, 0, 9, 5, 11, 4, 8, 4, 6, 5, 9, 1, 7, 3, 8, 4, 10, 2, 11, 1, 6, 0, 8, 4, 7, 2, 9, 0, 11, 3, 10, 0, 8, 4, 6, 1, 7, 3, 8, 5, 6, 2, 11, 4, 9, 5, 6, 1, 8, 2, 9, 3, 7, 4, 9, 5]
Score Track : [10.52406, 9.84191, 13.799270000000002, 12.09336, 14.70167, 8.61533, 6.16096, 6.54693, 8.24802, 7.999690000000001, 7.751359999999999, 7.97294, 1.4097300000000001, -2.3093399999999997, -2.9511299999999996, 12.123800000000001, 6.90246, 9.58559, 9.15175, 9.8665, 8.38566, 9.264800000000001, 4.8690999999999995, 3.9217900000000006, 1.0463200000000006, 0.3867600000000002, 14.87681, 8.433, 9.02345, 9.738199999999999, 3.2105300000000003, -16.6755, 4.62077, 6.8722199999999996, 7.751359999999999, 7.81204, 7.8924900000000004, 7.8924900000000004, 9.16109, 4.6756, 3.8255700000000004, 8.435970000000001, 4.701219999999999, 5.4708, 2.6279300000000005, 6.25319, 7.92406, 4.4888, 12.51824, 5.33552, 1.9029, 2.84272, 2.06729, -5.10542, -3.9937199999999997, -6.6701999999999995, -6.6701999999999995, 2.53371, 6.17163, 6.33602, 3.74163, 7.734030000000001, 6.758140000000001, 3.1912700000000003, 2.94294, 2.94294, 7.041510000000001, 7.041510000000001]

[Epoch 36/100]
P1 Score : 27, AI score : 21
Move History : [3, 11, 0, 10, 0, 8, 1, 8, 5, 9, 0, 7, 5, 11, 1, 9, 5, 6, 0, 8, 4, 6, 2, 11, 5, 6, 2, 9, 1, 7, 3, 7, 1, 9, 2, 6, 0, 10, 5, 7, 0, 8, 2, 9, 0, 6, 2, 9, 1, 6, 3, 11, 0, 10, 3, 6, 4, 10, 2, 7, 5, 11, 2, 7, 1, 10, 4, 6, 3, 7, 0, 11, 1, 6, 0, 9, 1, 11, 5, 6, 2, 10, 4, 8, 3, 6, 0, 10, 4, 9, 5, 7, 4, 11, 3, 6, 2, 9, 4, 11, 5, 7, 1, 6, 2, 7, 3, 10, 0, 11, 1, 8, 0, 6, 2, 10, 1, 9, 4, 10, 2, 11, 5, 8, 2, 7, 3, 7, 0, 8, 4, 6, 1, 7, 3, 8, 2, 9, 5, 7, 3, 11, 0, 6, 4, 7, 5, 8, 1, 10, 1, 11, 2, 9, 3, 10, 4, 11, 5]
Score Track : [8.95928, 9.18066, 8.454930000000001, 9.37992, 6.194890000000001, 8.17586, 7.510009999999999, 4.07041, 4.2348, 3.82208, 6.42157, 9.29155, 5.530150000000001, 4.209150000000001, 5.52666, 7.063360000000001, 7.9227300000000005, 7.613720000000001, 8.022950000000002, 8.30172, 7.976430000000001, 10.617339999999999, 9.8467, 10.86218, 10.22788, 11.367629999999998, 4.72797, 4.62077, 7.22908, 8.024280000000001, 9.68101, 4.97979, 3.90951, 4.92978, 4.92978, 4.62426, 3.74512, 3.1033300000000006, 5.2353000000000005, 20.34214, 20.34214, 6.523669999999999, 7.2967200000000005, 7.0483899999999995, 6.21815, 7.25819, 7.25819, 2.86249, 2.94294, 3.0268800000000002, 3.0268800000000002, 10.95346, 10.95346, 10.95346, 8.27158, 5.82766, 3.86299, 2.94294, 9.38868, 0.02100000000000035, 9.38868, 4.02738, 1.8189600000000001, 1.8189600000000001, 2.28887, 1.8189600000000001, 2.0638, -1.2144699999999997, -1.2144699999999997, 5.47673, 5.47673, 1.9029, 2.14774, -2.7792499999999998, -2.7792499999999998, -2.7792499999999998, 2.34717, 2.34717, 2.34717]

[Epoch 37/100]
P1 Score : 22, AI score : 26
Move History : [5, 10, 4, 8, 2, 9, 1, 7, 5, 6, 4, 10, 5, 7, 3, 9, 4, 11, 5, 6, 4, 7, 2, 6, 0, 6, 5, 10, 1, 8, 3, 11, 3, 9, 1, 8, 4, 8, 0, 6, 4, 10, 0, 11, 5, 11, 2, 6, 4, 10, 1, 9, 3, 9, 4, 6, 2, 7, 3, 10, 5, 8, 3, 6, 0, 9, 2, 7, 3, 8, 0, 9, 1, 10, 2, 11, 4, 8, 2, 7, 1, 6, 2, 7, 0, 8, 1, 9, 3, 9, 0, 8, 1, 6, 3, 7, 4, 10, 0, 6, 5, 7, 2, 8, 3, 11, 1, 9, 4, 10, 1, 7, 3, 8, 4, 11, 2, 10, 0, 9, 2, 11, 4, 10, 3, 11]
Score Track : [8.95928, 10.786830000000002, 11.519739999999999, 11.99045, 6.87431, 8.079440000000002, 14.62707, 16.385350000000003, 14.63935, 5.51199, 4.79175, 7.47608, 7.510009999999999, 7.6744, 8.22476, 8.3624, 2.9834600000000004, 4.94955, 6.8722199999999996, 5.99308, 7.927530000000001, 8.80667, 7.59395, 6.40929, 5.691050000000001, 6.24141, 8.22476, 8.22476, 7.342130000000001, 7.58697, 9.57032, 11.52803, 15.35604, 12.323229999999999, 2.3495500000000002, 2.0440300000000002, 2.2084200000000003, 2.84272, 5.63519, 3.3556600000000003, 4.07041, 6.16925, -8.769829999999999, -8.769829999999999, 5.4427200000000004, 6.54693, 15.6478, 5.17113, 5.60711, 4.6132800000000005, 6.864730000000001, 6.54344, 6.54344, 2.14774, 4.2348, 5.78566, -5.10542, -5.10542, -7.781899999999999, -7.781899999999999, -5.10542, 1.5741200000000002, -2.3261699999999994]

[Epoch 38/100]
P1 Score : 25, AI score : 23
Move History : [1, 11, 1, 6, 5, 6, 0, 10, 4, 10, 5, 6, 3, 6, 1, 8, 1, 11, 2, 9, 2, 11, 5, 6, 4, 7, 1, 8, 2, 11, 5, 6, 2, 8, 3, 10, 1, 11, 3, 7, 2, 10, 3, 8, 4, 7, 0, 9, 0, 10, 2, 6, 4, 8, 1, 6, 3, 11, 4, 10, 1, 9, 2, 10, 3, 11]
Score Track : [8.08014, 4.56358, 6.29275, 6.3266800000000005, 5.94071, 8.22024, 8.35871, 7.8888, 6.0356000000000005, 6.432550000000001, 7.34562, 22.689310000000003, 22.689310000000003, 17.109810000000003, 5.60711, 2.96969, 5.35079, 4.64752, 4.72048, 4.95304, 3.3324000000000003, 4.04715, 5.15136, 4.272220000000001, 3.90602, 4.62077, 4.62077, 11.40654, 12.51824, 0.02100000000000035, -5.5584999999999996, -5.5584999999999996, -5.5584999999999996]

[Epoch 39/100]
P1 Score : 14, AI score : 34
Move History : [0, 8, 5, 7, 1, 9, 3, 7, 2, 11, 2, 7, 3, 8, 5, 9, 4, 8, 5, 6, 5, 9, 0, 11, 5, 6, 3, 7, 0, 6, 5, 11, 4, 6, 1, 6, 4, 7, 2, 8, 4, 9, 3, 10, 3, 6, 4, 6, 2, 11, 1, 7, 3, 8, 4, 6, 1, 7, 5, 6, 2, 10, 4, 7, 1, 8, 3, 9, 5, 8, 3, 6, 0, 9, 1, 11, 2, 7, 5, 6, 3, 10]
Score Track : [11.818080000000002, 8.59936, 10.47272, 15.39759, 13.557900000000002, 5.05675, 5.05675, 4.74174, 8.67102, 8.835410000000001, 8.91586, 8.29733, 3.8176900000000002, 4.46297, 5.422560000000001, 5.422560000000001, 7.502829999999999, 8.88343, 10.0392, 10.44821, 8.101040000000001, 9.17717, 8.52679, 7.95317, 14.18421, 2.94294, -9.88153, 3.72186, 2.94294, 4.47015, 4.94955, 5.748240000000001, 6.852449999999999, 7.198330000000001, 3.66048, 5.547610000000001, 3.49609, 14.083020000000001, 2.7820400000000003, 3.1912700000000003, 5.37396]

[Epoch 40/100]
P1 Score : 23, AI score : 25
Move History : [1, 6, 5, 6, 4, 8, 5, 11, 2, 7, 1, 9, 3, 7, 2, 11, 2, 8, 5, 6, 4, 6, 5, 9, 2, 11, 3, 7, 2, 10, 5, 11, 4, 9, 2, 6, 0, 10, 3, 11, 5, 6, 4, 6, 1, 11, 2, 10, 4, 8, 1, 7, 3, 11, 5, 7, 4, 8, 1, 11, 2, 10, 3, 7, 4, 8, 1, 11, 0, 6, 3, 7, 4, 9, 4, 10, 3, 11, 5, 9, 0, 6, 4, 7, 2, 10, 0, 11, 4, 8, 3, 10, 5, 7, 4, 8, 5]
Score Track : [8.08014, 8.244530000000001, 10.27922, 13.63355, 5.858930000000001, 6.91823, 5.94617, 7.55653, 5.083500000000001, 4.788259999999999, 4.13419, 5.318850000000001, 8.74119, 2.03066, 3.0564200000000006, 7.26517, 1.92895, 1.3518400000000006, 2.9970699999999995, 7.040100000000001, 3.74163, 3.74163, 7.914720000000001, 3.90602, 7.0483899999999995, 7.0483899999999995, -8.996369999999999, 5.01372, 5.37405, 5.17811, 4.6593, 2.6981, 4.715339999999999, 2.3618300000000003, 1.65457, 2.0638, 1.8189600000000001, 3.2286900000000003, 3.4735300000000002, 3.74163, 4.35616, 3.82208, -0.5348499999999996, 6.15635, -2.88202, -4.4468, 6.25912, 6.25912]

[Epoch 41/100]
P1 Score : 38, AI score : 10
Move History : [1, 9, 4, 8, 0, 11, 0, 6, 3, 10, 4, 7, 2, 7, 4, 6, 3, 7, 1, 6, 2, 9, 1, 8, 2, 7, 3, 9, 5, 9, 3, 11, 3, 6, 0, 6, 3, 7, 4, 10, 5, 11]
Score Track : [8.08014, 12.34998, 12.514370000000001, 7.043590000000001, 9.13065, 8.14431, 8.47309, 8.47309, 11.15384, 6.70783, 9.58906, 11.15384, 7.33864, 0.9398200000000001, 9.48987, 7.8010600000000005, 1.9186700000000005, 5.3425, 5.17811, 5.03698, -8.33775]

[Epoch 42/100]
P1 Score : 12, AI score : 36
Move History : [3, 6, 2, 9, 5, 6, 1, 9, 0, 6, 5, 7, 0, 10, 4, 9, 1, 10, 3, 11, 1, 7, 2, 7, 5, 6, 0, 10, 3, 8, 1, 6, 0, 9, 4, 6, 5, 7, 1, 6, 0, 9, 1, 10, 5, 11, 2, 6, 5, 11, 4, 6, 3, 10, 0, 8, 2, 9, 0, 6, 3, 7, 0, 8, 1, 10, 0, 11, 1, 9, 5, 9, 3, 10, 5, 6, 4, 6, 0, 7, 1, 11, 3, 10, 2, 6, 5, 8, 4, 10, 1, 9]
Score Track : [8.95928, 10.52406, 15.740680000000001, 11.04634, 11.210730000000002, 12.48282, 13.236600000000003, 13.23111, 13.41566, 14.526659999999998, 5.99657, 7.56135, 7.20449, 8.47309, 7.02712, 7.60074, 9.607349999999999, 11.33209, 13.419150000000002, 12.28234, 12.01075, 10.91588, 11.4895, 4.78516, 7.1323300000000005, 10.94753, 6.40929, 7.124040000000001, 7.510009999999999, 7.5672, 7.731590000000001, 11.110510000000001, 10.80499, 11.33209, 3.1033300000000006, 6.67872, 5.27833, 7.466430000000002, 8.46611, 8.217780000000001, 5.321680000000001, 8.72386, 7.844900000000001, 8.17421, 6.34994, 12.51824]

[Epoch 43/100]
P1 Score : 17, AI score : 31
Move History : [0, 11, 5, 10, 4, 6, 5, 8, 2, 6, 1, 6, 0, 7, 3, 11, 4, 9, 0, 6, 5, 9, 4, 7, 1, 6, 0, 7, 2, 11, 3, 10, 2, 6, 5, 7, 4, 7, 5, 8, 2, 6, 3, 10, 0, 9, 2, 10, 4, 8, 1, 6, 4, 9, 5, 10, 1, 6, 0, 8, 1, 7, 1, 8, 3, 9, 0, 6, 5, 6, 1, 11, 2, 10, 0, 11, 4, 8, 0, 7, 1, 6, 2, 11, 4, 10, 5, 9, 3, 11, 5, 9, 2, 10, 4, 8, 5, 11, 0, 6, 3, 7, 2, 9, 1, 10, 4, 8, 0, 10, 3, 9, 1, 10, 2, 11]
Score Track : [11.818080000000002, 5.4427200000000004, 6.849170000000001, 4.666390000000002, 11.32624, 7.53327, 7.613720000000001, 13.0054, 3.4372100000000003, 6.7771, 4.815010000000001, 7.9227300000000005, 6.16096, 8.47309, 6.65413, 7.50416, 7.70248, 5.04377, 8.604880000000001, 8.47309, 6.2986, 7.50652, 7.999690000000001, 5.888669999999999, 10.059999999999999, 13.257200000000001, 9.096919999999999, 12.31145, 12.53303, 14.17826, 14.08151, 4.646230000000001, 13.170819999999999, 10.75428, 10.91867, 8.524520000000003, 8.47553, 8.532720000000001, 5.30641, 6.25319, 4.94955, 4.701219999999999, 4.75605, 5.52666, 10.19425, 6.25319, 10.95346, 4.78516, 5.82869, 4.92978, 6.16925, 8.276980000000002, 8.276980000000002, -6.6701999999999995, -6.6701999999999995, 5.37396, 5.37396, 5.37396]

[Epoch 44/100]
P1 Score : 29, AI score : 19
Move History : [0, 6, 4, 6, 1, 6, 4, 9, 2, 8, 3, 6, 2, 11, 0, 6, 1, 10, 0, 6, 2, 8, 3, 9, 2, 10, 3, 11, 1, 8, 5, 7, 3, 6, 0, 9, 4, 9, 2, 11, 0, 6, 3, 7, 5, 10, 0, 6, 5, 6, 4, 11, 3, 6, 0, 7, 1, 7, 4, 10, 5, 9, 2, 11, 1, 7, 4, 10, 5, 6, 2, 11, 4, 7, 5, 8, 5, 7, 3, 9, 0, 11, 0, 7, 3, 10, 2, 7, 3, 8, 4, 11, 1, 6, 4, 10, 3, 7, 5, 6, 4, 9, 1, 7, 0, 8, 0, 10, 0, 9, 1, 10, 2, 11]
Score Track : [11.818080000000002, 11.10333, 12.80442, 7.80855, 11.47084, 11.989650000000001, 11.29467, 6.00006, 6.82201, 6.057250000000001, 4.95304, 6.32535, 5.740749999999999, 7.09729, 4.92978, 7.10078, 8.437, 8.024280000000001, 9.93693, 10.066980000000001, 1.730630000000001, 6.8303, 6.375360000000001, 2.7169700000000003, 2.8813600000000004, 8.35871, 6.772, 6.466480000000001, 6.16096, 3.86939, 24.25409, 10.840300000000001, 4.62426, 6.807040000000001, 7.85057, 6.44322, 16.883270000000003, 19.55975, 8.51642, 4.95304, -2.86102, -2.1599299999999992, -0.8838399999999997, 2.30464, 3.27521, 2.4635400000000005, 4.75605, 10.76684, 6.95164, 2.6981, 8.41967, 7.734030000000001, -0.5348499999999996, -4.4468, -4.4468, -4.4468, -4.4468]

[Epoch 45/100]
P1 Score : 22, AI score : 26
Move History : [5, 7, 0, 10, 3, 8, 4, 6, 0, 7, 2, 6, 1, 8, 0, 6, 3, 6, 4, 7, 5, 6, 0, 10, 0, 7, 1, 11, 4, 9, 5, 11, 0, 8, 1, 9, 0, 6, 4, 7, 0, 10, 3, 11, 1, 8, 0, 10, 1, 9, 2, 6, 4, 11, 1, 6, 3, 6, 2, 7, 0, 8, 5, 6, 4, 8, 1, 7, 3, 8, 5, 9, 2, 6, 3, 7, 0, 10, 4, 8, 5, 9, 1, 11, 1, 7, 2, 8, 0, 9, 3, 10]
Score Track : [8.95928, 13.740750000000002, 13.202000000000002, 12.187580000000002, 12.51636, 11.71767, 13.724280000000002, 10.686420000000002, 13.3924, 22.781080000000003, 18.60902, 18.3035, 23.924780000000002, 23.924780000000002, 5.4801400000000005, 10.68742, 5.3085700000000005, 4.56358, 4.72797, 4.761900000000001, 4.45638, -8.21398, -12.2287, -12.2287, -12.2287, 4.78516, 6.0305, 0.5408700000000004, 1.7385100000000002, 2.0638, -4.323029999999999, 2.67833, 2.2084200000000003, 0.35031000000000034, 7.041510000000001, 7.041510000000001, 2.86249, 2.94294, -5.002649999999999, 4.45638, 3.82208, 3.82208, 1.18466, -2.7792499999999998, -2.7792499999999998, 1.2354700000000003]

[Epoch 46/100]
P1 Score : 20, AI score : 28
Move History : [3, 6, 4, 8, 0, 10, 2, 9, 1, 10, 0, 6, 2, 11, 4, 6, 1, 7, 1, 10, 0, 8, 0, 9, 3, 10, 4, 8, 2, 8, 5, 6, 0, 8, 3, 6, 5, 11, 1, 7, 1, 6, 4, 8, 5, 7, 2, 6, 0, 7, 3, 9, 3, 11, 5, 8, 4, 8, 2, 11, 1, 10, 1, 6, 3, 9, 5, 10, 4, 6, 5, 6, 0, 11, 0, 7, 2, 11, 1, 9, 0, 10, 4, 7, 2, 11, 5, 7, 3, 8, 1, 9, 5, 6, 2, 7, 0, 8, 4, 9, 3, 10]
Score Track : [8.95928, 10.52406, 10.45805, 16.243190000000002, 10.939139999999998, 11.65389, 11.73434, 4.543810000000001, 6.714810000000001, 3.74163, 3.3122400000000005, 7.34562, 8.61073, 8.61073, 8.44634, 12.14706, 11.73434, 15.23573, 12.88856, 4.92978, 6.90246, 7.01684, 9.48269, 10.293960000000002, 8.626410000000002, 5.513679999999999, 7.694170000000001, 3.6379200000000003, 5.03698, 4.17761, 15.6478, 3.0193900000000005, 5.01023, 8.01147, 11.07339, 6.37905, 6.4595, 3.82208, 4.543810000000001, 11.40654, 3.90602, 7.734030000000001, -8.8936, 9.38868, -0.2055399999999996, -0.4320799999999996, 1.9833500000000002, 2.0638, -0.4320799999999996, -0.4320799999999996, 0.9061600000000003]

[Epoch 47/100]
P1 Score : 28, AI score : 20
Move History : [1, 6, 3, 7, 0, 6, 3, 8, 4, 10, 0, 9, 5, 11, 5, 9, 3, 11, 1, 10, 2, 7, 0, 8, 1, 10, 4, 11, 2, 9, 4, 10, 0, 11, 3, 6, 5, 10, 1, 8, 2, 6, 5, 9, 1, 6, 2, 7, 1, 8, 0, 6, 1, 7, 4, 11, 2, 10, 5, 7, 2, 11, 1, 6, 0, 7, 1, 8, 2, 11, 3, 8, 0, 6, 2, 10, 3, 7, 0, 10, 4, 6, 5, 7, 1, 8, 3, 9, 4, 8, 5, 9, 2, 11, 2, 8, 4, 10, 1, 9, 3, 6, 5, 11, 4]
Score Track : [8.08014, 9.64492, 12.039660000000001, 7.80855, 13.14038, 14.2085, 15.20069, 5.11394, 6.15747, 7.625500000000001, 6.6273800000000005, 9.29504, 10.39576, 13.033180000000002, 6.386030000000001, 5.5034, 7.979920000000001, 6.8792, 6.4595, 8.98736, 9.04322, 10.608, 9.16109, 9.264800000000001, 12.375620000000001, 12.0701, 11.76458, 11.596699999999998, 7.3248, 5.1420200000000005, 3.57724, 2.6981, 2.94294, -17.7872, 2.6981, 5.4801400000000005, 4.92978, 4.62426, 5.446210000000001, 7.7583400000000005, 7.22775, 9.836060000000002, 8.44634, 15.215720000000003, 2.8170800000000003, 11.40654, 11.40654, 4.68494, 4.410970000000001, 2.99613, 3.25195, 3.74163]

[Epoch 48/100]
P1 Score : 11, AI score : 37
Move History : [4, 7, 3, 10, 4, 11, 3, 9, 1, 10, 5, 6, 1, 10, 0, 6, 1, 7, 4, 9, 2, 6, 4, 10, 3, 6, 5, 10, 0, 6, 1, 7, 0, 9, 2, 11, 4, 10, 3, 6, 5, 6, 2, 8, 5, 9, 4, 6, 0, 7, 0, 9, 1, 6, 5, 6, 3, 10, 3, 7, 0, 6, 4, 8, 5, 9, 1, 10, 2, 6, 1, 10, 3, 8, 2, 9, 0, 7, 2, 11, 3, 8, 5, 6, 4, 7, 5]
Score Track : [10.52406, 11.546490000000002, 8.66004, 5.56918, 4.7776700000000005, 4.453679999999999, 11.07658, 9.8991, 10.62962, 10.39227, 14.594470000000001, 15.47361, 15.070230000000002, 21.04013, 17.82663, 18.954099999999997, 18.648580000000003, 15.7243, 6.95247, 7.33844, 9.02345, 8.47309, 6.5572099999999995, 11.3483, 12.475770000000002, 8.8926, 18.57182, 26.60126, 13.148670000000001, 11.24466, 10.770750000000003, 12.41998, 9.66105, 13.72118, 13.57656, 13.492619999999999, 15.93654, 15.839789999999999, 14.37176, 2.3495500000000002, 10.0683, 14.083020000000001, 14.083020000000001]

[Epoch 49/100]
P1 Score : 32, AI score : 16
Move History : [4, 11, 5, 7, 0, 8, 2, 6, 0, 9, 5, 11, 2, 6, 1, 6, 5, 10, 5, 11, 2, 9, 5, 8, 3, 7, 0, 6, 1, 8, 2, 7, 5, 6, 3, 9, 4, 7, 2, 6, 4, 9, 5, 6, 1, 8, 1, 9, 2, 10, 3, 7, 0, 10, 4, 11, 1, 6, 0, 7, 4, 9, 3, 8, 5]
Score Track : [10.52406, 6.662720000000001, 5.94248, 11.32491, 11.01939, 8.3624, 4.56707, 5.46198, 5.38553, 7.1451400000000005, 3.4967900000000003, 5.4708, 6.7626599999999994, 5.11394, 4.701219999999999, 6.48974, 7.1473, 7.22775, 8.408919999999998, 7.52978, 7.86923, 11.08487, 14.00937, 10.09742, 12.54134, 12.242780000000002, 7.33594, 11.46973, 1.91318, 3.0173900000000002, 1.8327300000000002, -11.116999999999999]

[Epoch 50/100]
P1 Score : 34, AI score : 14
Move History : [5, 11, 3, 7, 0, 9, 1, 10, 3, 8, 3, 6, 0, 10, 0, 7, 3, 8, 5, 9, 3, 8, 1, 11, 2, 9, 0, 10, 1, 11, 5, 10, 0, 6, 1, 8, 3, 6, 4, 7, 1, 8, 2, 10, 4, 6, 3, 7, 4, 11, 5, 6, 1, 8, 2, 7, 3, 10, 4, 8, 0, 7, 2, 6, 5, 6, 4, 9, 0, 10, 1, 7, 5, 11, 3]
Score Track : [8.95928, 8.137129999999999, 8.851880000000001, 6.87571, 6.76851, 8.93951, 8.63399, 9.34874, 9.34874, 10.55666, 8.53707, 2.1990800000000004, 2.94294, 8.801870000000001, 3.82208, 3.0268800000000002, -1.8705699999999994, -2.1760899999999994, 3.74163, 5.59216, -1.749319999999999, 2.86249, 3.74163, 3.90602, 4.62077, 12.51231, 12.42837, 5.117430000000001, 4.64752, 5.3622700000000005, 4.250570000000001, 6.30209, 6.30209, 4.92629, 1.8123200000000006, 1.8123200000000006, 12.51824]

[Epoch 51/100]
P1 Score : 24, AI score : 24
Move History : [1, 11, 0, 10, 3, 6, 1, 11, 4, 7, 3, 9, 0, 10, 0, 8, 1, 10, 2, 9, 1, 10, 2, 11, 1, 7, 5, 7, 3, 9, 4, 6, 5, 6, 1, 10, 1, 11, 2, 6, 4, 7, 2, 11, 0, 8, 4, 11, 2, 7, 1, 8, 3, 7, 4, 11, 5, 10, 2, 7, 3, 11, 4, 8, 5, 10, 0, 7, 1, 6, 2, 8, 3, 9, 2, 8, 0, 10, 3, 9, 4, 11, 2, 10, 1, 11]
Score Track : [8.08014, 4.56358, 5.82869, 8.70992, 7.93102, 5.58385, 7.86205, 6.80754, 6.16226, 13.257200000000001, 10.38878, 12.8653, 4.78516, 8.925279999999999, 5.5034, 7.42607, 6.473269999999999, 26.60126, 11.003309999999999, 8.700600000000001, 2.9567099999999997, 4.95304, 6.386030000000001, 6.22164, 8.32292, -2.1813999999999982, 4.29548, 5.17462, 6.137700000000001, 6.194890000000001, 8.37767, 12.971320000000002, 7.92406, 8.638810000000001, 7.95317, 7.6476500000000005, 15.6478, 7.976430000000001, 5.429740000000001, 7.0938, -0.6417899999999999, -8.33775, -4.323029999999999]

[Epoch 52/100]
P1 Score : 22, AI score : 26
Move History : [3, 9, 5, 6, 2, 11, 0, 8, 1, 8, 5, 11, 4, 9, 0, 6, 5, 10, 5, 7, 4, 11, 4, 10, 2, 7, 5, 9, 4, 6, 1, 8, 2, 11, 0, 7, 1, 9, 3, 11, 5, 6, 4, 10, 0, 6, 2, 8, 4, 6, 5, 8, 1, 11, 0, 6, 3, 6, 2, 7, 5, 8, 2, 6, 0, 7, 3, 9, 1, 10, 3, 8, 4, 8, 2, 9, 3, 6, 5, 6, 4, 7, 5]
Score Track : [8.95928, 11.87527, 10.80499, 5.858930000000001, 8.283059999999999, 6.26816, 7.80486, 8.96626, 9.13065, 9.28406, 0.9398200000000001, -20.010599999999997, 6.8792, 7.53676, 6.4822500000000005, 5.88937, 5.82869, 2.0638, -15.563799999999999, 5.91263, 7.7211300000000005, 5.044650000000001, 1.88992, 3.74163, 3.57724, 5.30641, 5.92441, 6.61005, 2.6981, 6.85489, 2.86249, 2.6981, 2.94294, -1.873089999999999, -7.226049999999999, 4.591570000000001, 8.60629, 3.25333, 8.60629, 6.25912, 6.25912]

[Epoch 53/100]
P1 Score : 18, AI score : 30
Move History : [1, 6, 4, 8, 2, 11, 5, 11, 2, 6, 0, 10, 3, 11, 4, 6, 1, 7, 1, 10, 5, 6, 4, 9, 5, 10, 3, 8, 4, 10, 0, 6, 1, 7, 4, 8, 3, 10, 2, 8, 3, 10, 4, 6, 0, 7, 1, 10, 2, 8, 3, 9, 2, 10, 1, 11, 1, 7, 5, 6, 1, 11, 2, 10, 3, 6, 0, 10, 3, 7, 2, 11, 0, 9, 2, 11, 1, 8, 5, 11, 3, 8, 5, 6, 2, 9, 3, 10, 0, 7, 2, 11, 0, 8, 1, 9, 5, 6, 3, 10, 2, 11, 5, 6, 4, 11, 3, 6, 4, 8, 5, 10, 1, 8, 2, 9, 4, 6, 5, 10, 3, 6, 4, 11, 1, 7]
Score Track : [8.08014, 8.08014, 9.593580000000001, 7.0668500000000005, 6.3521, 6.516489999999999, 9.07346, 5.01333, 7.15079, 5.774990000000001, 6.98291, 7.1473, 8.61073, 10.20462, 6.3432200000000005, 16.15229, 10.8552, 10.939139999999998, 13.4996, 18.2709, 12.697420000000001, 13.41217, 15.839789999999999, 4.696720000000001, 10.17345, 8.03599, 5.80789, -2.498049999999999, 3.50028, 6.25319, 6.95164, 8.76475, 7.1323300000000005, 7.0483899999999995, 7.927530000000001, -10.43738, -14.452099999999998, 3.32491, -9.325679999999998, 5.0709100000000005, -8.8936, 5.0709100000000005, 2.0638, 1.18466, 3.7108800000000004, 5.45688, 4.57774, 4.272220000000001, 3.72186, 1.97586, 2.3850900000000004, 1.65457, 3.90602, 3.0268800000000002, 2.94294, 3.0268800000000002, 3.74163, 3.57724, 3.74163, 3.74163, 4.45638, 4.701219999999999, 2.4709400000000006]

[Epoch 54/100]
P1 Score : 10, AI score : 38
Move History : [1, 9, 5, 11, 4, 6, 1, 7, 5, 8, 2, 6, 0, 11, 0, 6, 1, 7, 5, 6, 3, 10, 4, 8, 1, 9, 4, 6, 5, 8, 2, 7, 0, 9, 0, 10, 5, 6, 3, 6, 5, 11, 1, 9, 4, 8, 4, 7, 3, 10, 1, 8, 0, 11, 2, 6]
Score Track : [8.08014, 12.514370000000001, 8.367, 8.93233, 9.09672, 9.80798, 9.53639, 6.2914200000000005, 6.019830000000001, 8.40523, 9.04671, 10.49947, 17.62032, 11.596699999999998, 12.640229999999999, 13.85164, 13.84815, 16.244220000000002, 16.77132, 16.875030000000002, 17.94315, 10.49392, 4.55609, 4.88487, 7.44933, 6.59663, 5.98559, 5.39496]

[Epoch 55/100]
P1 Score : 36, AI score : 12
Move History : [5, 7, 0, 6, 4, 10, 4, 7, 0, 6, 2, 7, 1, 6, 3, 8, 3, 11, 5, 11, 4, 9, 3, 6, 1, 8, 2, 6, 0, 6, 3, 11, 3, 7, 5, 11, 1, 8, 3, 9, 1, 10, 4, 7, 1, 6, 5, 9, 2, 6, 5, 6, 4, 9, 0, 8, 5, 10, 0, 7, 0, 9, 0, 11, 0, 10, 0, 8, 3, 7, 2, 6, 1, 6, 5, 6, 3, 8, 4, 6, 1, 8, 5, 7, 2, 11, 2, 6, 5, 9, 3, 10, 0, 8, 5, 6, 1, 8, 2, 7, 4, 6, 0, 7, 3, 6, 5, 6, 4, 7, 5, 11, 3, 6, 4, 7, 5, 6, 2, 8, 2, 9, 0, 7, 2, 8, 3, 11, 5]
Score Track : [8.95928, 13.740750000000002, 13.026, 13.962330000000001, 14.29111, 12.0701, 13.1869, 15.7452, 16.148270000000004, 7.89598, 16.66666, 7.98502, 8.16757, 7.0503800000000005, 8.88232, 9.04671, 4.7239700000000004, 4.45199, 4.67078, 6.516489999999999, 7.37237, 11.158360000000002, 10.96938, 9.922360000000001, 17.089730000000003, 18.654510000000002, 13.02969, 18.89935, 13.82838, 15.20069, 12.31424, 16.63019, 5.3622700000000005, 5.748240000000001, 6.65413, 8.026440000000001, 8.38566, 10.58474, 9.01996, 16.33891, 10.55666, 10.86218, 11.02657, 5.75173, 7.31651, -0.7229399999999995, 4.11811, 6.44322, 6.137700000000001, 6.21815, 5.49991, 7.927530000000001, 7.84708, 10.455390000000001, 8.80667, 6.54344, 9.286000000000001, 6.0725, 8.50361, 6.85489, 5.01372, -0.4110799999999992, 3.6036400000000004, 0.9271600000000007]

[Epoch 56/100]
P1 Score : 27, AI score : 21
Move History : [2, 8, 3, 11, 1, 7, 2, 6, 5, 10, 1, 8, 4, 11, 0, 11, 3, 6, 5, 10, 0, 8, 3, 10, 4, 7, 1, 11, 5, 6, 2, 8, 1, 11, 2, 10, 3, 7, 1, 8, 0, 11, 4, 7, 3, 8, 0, 6, 5, 6, 4, 7, 1, 8, 5, 11, 0, 6, 1, 10, 3, 9, 5, 11, 1, 10, 0, 6, 1, 7, 0, 8, 2, 8, 5, 9, 0, 10, 4, 9, 5, 8, 3, 11, 0, 6, 2, 10, 0, 7, 4, 11, 0, 10, 5, 8, 3, 6, 5, 10, 1, 10, 5, 7, 3, 8, 2, 10, 3, 11, 3, 9, 3, 11, 1, 10, 2, 11]
Score Track : [10.52406, 10.170689999999999, 6.18422, 6.513, 12.676400000000001, 8.49286, 11.95223, 9.296370000000001, 7.89598, 7.89598, 4.36087, 8.67102, 10.4293, 10.912189999999999, 6.516489999999999, 9.03523, 5.97331, 5.09417, 5.7178, 5.7178, 6.68088, 5.33183, 5.88219, 5.49622, 6.459300000000001, 7.00966, 25.81887, 20.46591, 6.15378, 19.12767, 10.877450000000001, 7.751359999999999, 4.2348, 4.62077, 4.701219999999999, -16.6755, 5.82869, -10.43738, -10.43738, 7.334639999999999, 8.916250000000002, 7.976430000000001, 1.6703400000000004, -0.7978999999999994, -1.938349999999999, 4.68494, 1.1984300000000006, 4.84933, 2.9389399999999997, 3.81808, 13.30063, 4.701219999999999, -5.10542, -5.10542, -7.781899999999999, -7.781899999999999, -7.781899999999999, -6.11435, -6.11435]

[Epoch 57/100]
P1 Score : 12, AI score : 36
Move History : [0, 6, 1, 6, 3, 8, 0, 7, 5, 10, 1, 6, 5, 9, 0, 6, 1, 7, 2, 8, 4, 10, 1, 9, 3, 11, 4, 8, 5, 7, 0, 9, 4, 6, 0, 7, 5, 6, 1, 10, 1, 6, 3, 11]
Score Track : [11.818080000000002, 11.51256, 8.657250000000001, 10.114830000000001, 11.57693, 11.30534, 11.14095, 11.98616, 11.73783, 14.165450000000002, 17.1001, 14.29131, 17.17706, 9.27422, 14.36601, 9.564470000000002, 8.57331, 9.21828, 10.92048, 11.56545, 11.363640000000002, 9.096919999999999]

[Epoch 58/100]
P1 Score : 22, AI score : 26
Move History : [2, 7, 1, 6, 5, 8, 0, 9, 1, 6, 0, 7, 2, 6, 5, 11, 4, 10, 0, 7, 1, 11, 3, 11, 1, 6, 3, 11, 5, 10, 1, 8, 3, 6, 0, 9, 2, 10, 3, 8, 4, 7, 3, 8, 1, 9, 3, 10, 5, 6, 1, 11, 1, 7, 4, 6, 0, 6, 1, 7, 5, 9, 1, 6, 0, 8, 1, 10, 3, 8, 2, 6, 5, 7, 4, 10, 1, 9, 4, 6, 5, 10, 1, 6, 2, 11, 1, 10, 0, 9, 4, 10, 1, 11, 5, 6, 3, 7, 5, 8, 2, 6, 1, 7, 4, 11, 2, 10, 3, 9, 5, 6, 4, 11, 1, 7, 0, 8, 2, 9, 3, 11, 5, 10, 4, 6, 5]
Score Track : [10.52406, 8.95928, 10.637110000000002, 13.549610000000001, 13.912320000000001, 13.6068, 13.442409999999999, 13.6068, 6.429060000000001, 8.76794, 6.54344, 7.461110000000001, 4.2348, 3.82208, 6.48974, 6.711320000000001, 6.57019, 6.60412, 8.630500000000001, 9.016470000000002, 12.540010000000002, 11.989650000000001, 13.11363, 13.254760000000001, 14.10809, 16.87852, 5.52666, 6.7771, 7.58328, 7.61721, 8.82513, 5.99657, 5.145480000000001, 4.839960000000001, 8.30172, 12.836190000000002, 10.22788, 10.38878, 11.82177, 9.882629999999999, 9.394950000000001, 9.33427, 11.55018, 1.5059500000000003, 2.5262200000000004, 1.9526000000000003, 2.14163, 4.02738, 3.08756, -6.11435, 2.6981, 2.94294, 2.86249, 7.041510000000001, -0.9879299999999995, 5.47673, 5.47673, 2.0638, 0.12377000000000038, 0.12377000000000038, 1.4620100000000003, 0.96308, 2.34717]

[Epoch 59/100]
P1 Score : 30, AI score : 18
Move History : [0, 7, 5, 6, 1, 10, 4, 6, 1, 10, 3, 11, 3, 8, 0, 9, 1, 6, 5, 10, 1, 7, 4, 6, 2, 9, 0, 10, 2, 7, 4, 6, 3, 9, 4, 10, 0, 6, 2, 7, 1, 11, 2, 6, 1, 10, 4, 7, 0, 6, 5, 8, 2, 6, 1, 9, 3, 11, 0, 9, 3, 6, 2, 7, 1, 8, 4, 10, 2, 9, 5, 9, 0, 11, 0, 7, 3, 10, 4, 7, 0, 6, 1, 7, 2, 9, 5, 7, 3, 10, 4, 9, 5, 6, 0, 10, 1, 11, 2, 8, 3, 10, 4, 9, 0, 6, 5, 10, 1, 8, 2, 9, 3, 6, 4, 11, 1, 10, 0, 6, 2, 11, 3, 7, 2, 8, 1, 11, 2, 9, 3, 6, 4, 7, 5]
Score Track : [11.818080000000002, 13.90514, 13.59962, 12.31494, 14.62707, 15.08764, 4.10744, 6.523669999999999, 5.27833, 3.3872, 7.26517, 2.6981, 4.78516, 5.580360000000001, 7.48326, 9.187840000000001, 9.45594, 10.170689999999999, 10.4262, 11.82526, 13.52635, 3.74512, 3.74512, 5.33901, 6.21815, 7.487690000000001, 7.91575, 9.68581, 13.22912, 4.72797, 4.89236, 5.52666, 9.239180000000001, 6.100280000000001, 10.291, 11.69242, 9.509640000000001, 6.33713, 1.44327, 3.4498800000000007, 3.17829, 4.84584, 7.844900000000001, 14.536100000000001, 13.19786, 5.88937, 6.0537600000000005, 6.0537600000000005, 6.76851, 3.25195, 5.29011, 4.45638, 5.96982, 6.60412, 6.37905, 6.21466, 13.30063, 13.30063, 3.3324000000000003, 4.51706, 7.734030000000001, 5.29011, -1.0906999999999991, 0.24754000000000076, -3.4378699999999993, -3.4378699999999993, -3.4378699999999993]

[Epoch 60/100]
P1 Score : 27, AI score : 21
Move History : [2, 7, 4, 10, 0, 6, 2, 7, 0, 10, 4, 9, 5, 6, 4, 7, 3, 7, 2, 9, 3, 6, 1, 8, 4, 6, 3, 9, 0, 8, 2, 9, 3, 7, 5, 7, 1, 6, 3, 7, 4, 6, 2, 9, 0, 7, 3, 10, 2, 7, 5, 6, 1, 9, 4, 6, 2, 11, 1, 9, 3, 7, 5, 7, 4, 6, 2, 10, 1, 8, 4, 7, 2, 8, 0, 11, 4, 6, 3, 6, 5, 6, 1, 7, 3, 9, 4, 7, 3, 10, 1, 6, 0, 7, 2, 6, 3, 10, 5, 8, 4, 10, 5, 6, 0, 7, 1, 8, 2, 11, 3, 9, 2, 11, 5, 6, 1, 7, 4, 6, 5, 6, 2, 7, 3, 9, 4, 10, 0, 11, 0, 8, 1, 9, 2, 10, 3, 11]
Score Track : [10.52406, 12.590019999999999, 12.97599, 14.451200000000002, 14.14568, 13.549610000000001, 16.656940000000002, 14.21435, 16.82133, 16.82133, 16.901780000000002, 15.56434, 19.547490000000003, 18.30802, 18.24385, 17.36471, 17.5291, 21.180939999999996, 19.616159999999997, 22.21188, 21.96333, 30.818170000000002, 30.91492, 21.22072, 24.97524, 20.83475, 20.83475, 29.73082, 29.73082, 5.83218, 9.709090000000002, 7.040100000000001, 9.484020000000001, 24.70717, 11.42781, 7.657929999999999, 2.5046, 4.24311, 3.99345, 2.56046, 3.2050400000000008, 6.08051, 6.08051, 1.1247700000000007, 4.86161, 5.242089999999999, 4.13039, 5.49991, 5.49991, 7.77944, -2.3261699999999994, 6.92941, 7.33864, 0.9398200000000001, 0.6343000000000001, -5.002649999999999, -0.9879299999999995, 2.7587800000000002, 1.4620100000000003, 5.47673, 1.9833500000000002, 3.6285800000000004, 1.4620100000000003, 5.47673, -3.8909499999999997, -2.7792499999999998, -2.7792499999999998, -2.7792499999999998, -0.1027699999999998]

[Epoch 61/100]
P1 Score : 33, AI score : 15
Move History : [1, 6, 5, 6, 0, 8, 2, 6, 1, 8, 2, 7, 1, 8, 0, 9, 1, 7, 4, 10, 4, 9, 5, 7, 1, 8, 3, 11, 1, 9, 5, 6, 4, 11, 2, 11, 4, 7, 5, 6, 0, 11, 1, 7, 0, 10, 1, 9, 1, 7, 4, 11, 0, 8, 3, 8, 1, 11, 5, 8, 3, 6, 1, 9, 4, 10, 1, 11, 1, 7, 3, 6, 0, 7, 5, 7, 3, 10, 1, 9, 2, 6, 3, 9, 4, 6, 5, 7, 1, 9, 2, 6, 3, 10, 0, 8, 3, 7, 1, 11, 2, 6, 0, 8, 5, 6, 2, 7, 3, 6, 5, 9, 0, 6, 1, 7, 2, 10, 0, 11, 3, 8, 5, 6, 2, 7, 0, 11, 3, 9, 4]
Score Track : [8.08014, 8.244530000000001, 8.27846, 9.78472, 9.04322, 9.34874, 10.28856, 11.989650000000001, 12.154040000000002, 11.375119999999999, 13.121920000000001, 14.165450000000002, 13.286309999999999, 16.07983, 6.019830000000001, 2.4970800000000004, 5.21365, 6.019830000000001, 4.9763, 6.8792, 4.74174, 4.17761, 3.862600000000001, 3.57724, 4.62077, -13.340399999999999, 5.25856, 5.25856, 5.42295, 3.2105300000000003, 5.201370000000001, 4.410970000000001, 6.30209, 6.523669999999999, 4.76539, 4.76539, 4.4598700000000004, 4.0739, 4.0739, 6.26949, 4.78516, 6.265999999999999, 6.15747, 8.50464, 6.21815, 6.21815, 6.21815, 6.5808599999999995, 6.4595, 0.46991000000000005, 3.3930800000000003, 4.715339999999999, 5.17811, 2.0638, 3.0268800000000002, 3.1912700000000003, 7.15797, 6.852449999999999, 6.54693, -10.005299999999998, -1.6465499999999995, 2.6981, 2.94294, -1.6465499999999995, -8.33775]

[Epoch 62/100]
P1 Score : 34, AI score : 14
Move History : [1, 10, 5, 9, 0, 11, 1, 10, 3, 6, 0, 7, 1, 8, 5, 6, 0, 7, 4, 6, 3, 10, 4, 6, 5, 11, 3, 6, 2, 9, 4, 6, 5, 7, 2, 6, 1, 6, 3, 6, 4, 6, 0, 6, 5, 6, 1, 7, 2, 6, 3, 7, 5, 6, 0, 9, 0, 7, 4, 7, 5, 11, 3, 8, 1, 10, 1, 9, 0, 11, 2, 6, 5, 6, 0, 7, 4]
Score Track : [8.08014, 13.257200000000001, 10.38878, 7.641800000000001, 4.94955, 6.265999999999999, -15.316259999999996, 5.928400000000001, 5.622880000000001, 6.7626300000000015, 6.927020000000001, 10.254629999999999, 11.274899999999999, 4.74174, 6.08051, 10.095060000000002, 7.322360000000001, 8.85906, 6.993580000000001, 5.748240000000001, 5.58385, 5.82869, 7.72225, 7.1451400000000005, 7.0366100000000005, 8.024280000000001, 8.60139, 8.024280000000001, 6.92941, 8.08014, 7.670910000000001, 3.74512, 3.74512, -1.4200099999999996, -2.7582499999999994, 3.3930800000000003, 3.55747, 4.68494]

[Epoch 63/100]
P1 Score : 28, AI score : 20
Move History : [5, 10, 1, 11, 4, 10, 3, 6, 0, 11, 4, 7, 5, 8, 0, 6, 3, 8, 1, 7, 4, 6, 2, 6, 3, 7, 5, 7, 4, 6, 5, 9, 4, 8, 2, 11, 0, 9, 1, 6, 3, 6, 2, 10, 5, 6, 3, 10, 1, 8, 5, 7, 0, 10, 4, 11, 5, 7, 4, 8, 5, 11, 2, 6, 5, 9, 2, 10, 0, 6, 2, 11, 4, 8, 3, 7, 5, 6, 1, 8, 2, 11, 1, 10, 5, 9, 2, 10, 4, 6, 5, 11, 0, 6, 1, 7, 0, 10, 2, 9, 1, 8, 3, 7, 4, 9, 2, 8, 3, 11, 1, 10, 2, 9, 0, 10, 4, 11]
Score Track : [8.95928, 9.75797, 8.82061, 6.57019, 6.60412, 7.15797, 8.05319, 4.03927, 4.5951200000000005, 8.43567, 8.600060000000001, 14.81851, 14.63782, 11.769400000000001, 20.37569, 19.75769, 21.12453, 11.04634, 4.0132200000000005, 4.17761, 4.17761, 4.82258, 3.90602, 3.82208, 4.701219999999999, 4.62077, 7.979920000000001, 11.17014, 5.29011, -8.21398, 2.71187, 1.6916000000000002, 1.8559900000000003, 4.84933, 4.211539999999999, -3.8699499999999993, 2.68861, -1.0462299999999995, 1.74879, 4.78516, 5.044650000000001, 3.0268800000000002, 3.25333, 3.25333, 4.92629, 4.92629, 2.6981, 2.94294, -6.11435, 5.866110000000001, 8.60629, 4.591570000000001, -5.002649999999999, 1.6885500000000002, 1.6885500000000002, 0.35031000000000034, -5.002649999999999, -5.002649999999999, -0.9879299999999995]

[Epoch 64/100]
P1 Score : 28, AI score : 20
Move History : [2, 6, 3, 7, 0, 8, 1, 6, 4, 10, 5, 6, 0, 11, 4, 8, 0, 7, 1, 9, 0, 11, 3, 9, 4, 6, 1, 7, 3, 10, 1, 6, 5, 6, 0, 7, 2, 9, 5, 6, 2, 11, 2, 6, 3, 8, 4, 9, 3, 8, 0, 7, 4, 10, 3, 9, 0, 11, 2, 10, 4, 6, 5, 6, 2, 8, 0, 10, 3, 7, 4, 9, 2, 10, 5, 7, 3, 8, 1, 10, 4, 7, 2, 6, 5, 10, 4, 6, 3, 7, 4, 8, 0, 10, 5, 6, 1, 8, 2, 7, 3, 9, 3, 8, 2, 9, 0, 10, 1, 11, 3, 10, 4, 6, 5, 7, 2, 11, 4, 9, 3, 10, 0, 8, 5]
Score Track : [10.52406, 12.08884, 11.149540000000002, 10.47272, 13.02969, 14.27154, 15.23462, 6.35928, 6.63397, 8.27477, 8.412410000000001, 8.21542, 8.37981, 7.460000000000001, 9.836060000000002, 8.56183, 8.30172, 8.217780000000001, 1.8796400000000002, 10.38878, 11.02308, 6.8792, 6.91075, 10.35035, 6.87571, 7.8387899999999995, 3.6817400000000005, 5.899649999999999, 7.41509, 3.25195, 4.13109, 6.54693, 6.54693, 7.42607, 8.192160000000001, 7.42607, 8.38566, 8.85557, 8.85557, 9.73471, 16.43019, 16.43019, 12.18893, 12.17514, 12.41998, 5.47911, 5.173590000000001, 11.4895, 11.73434, 11.73434, 5.47911, 6.2615, 0.21209000000000033, 0.21209000000000033, -1.1934699999999996, 2.69748, 2.2444, 6.25912, 6.25912, 2.6981, 2.86249, 4.04715]

[Epoch 65/100]
P1 Score : 16, AI score : 19
Move History : [0, 10, 4, 11, 1, 6, 4, 9, 5, 9, 0, 8, 4, 10, 2, 9, 5, 10, 4, 6, 3, 9, 5, 7, 1, 9, 4, 6, 3, 10, 5, 7, 0, 6, 1, 7, 2, 6, 4, 7, 5, 11, 4, 6, 5, 6, 2, 9, 1, 8, 0, 7, 3, 6, 2, 7, 5, 10, 1, 8, 4, 9, 0, 10, 2, 11, 3]
Score Track : [11.818080000000002, 9.18086, 8.91846, 6.406900000000002, 2.8550000000000004, 3.9667000000000003, 6.772, 11.643540000000002, 8.06037, 7.81204, 10.476209999999998, 9.0535, 12.900340000000002, 14.823010000000002, 12.204250000000002, 12.53303, 11.503269999999999, 18.674590000000002, 18.674590000000002, 22.689310000000003, 18.674590000000002, 4.0739, 5.42295, 6.5178199999999995, 5.5034, 4.94955, 6.15747, 9.49231, 6.15747, 6.21466, 0.9398200000000001, -1.1976399999999998, 1.8796400000000002]

[Epoch 66/100]
P1 Score : 31, AI score : 17
Move History : [5, 8, 3, 6, 0, 8, 1, 7, 5, 10, 5, 6, 2, 7, 3, 9, 5, 10, 2, 8, 3, 6, 1, 6, 3, 11, 2, 9, 1, 7, 0, 6, 1, 8, 5, 10, 4, 6, 1, 8, 0, 9, 4, 10, 1, 7, 1, 11, 3, 10, 4, 8, 5, 9, 2]
Score Track : [8.95928, 9.96488, 11.971490000000003, 11.665970000000002, 11.791329999999999, 12.56327, 13.22801, 12.34887, 11.26792, 12.92598, 12.842039999999999, 12.697420000000001, 12.61348, 6.501520000000001, 4.70471, 5.11394, 4.701219999999999, 7.48675, 8.916250000000002, 8.90342, 8.90342, 13.447230000000003, 13.47634, 1.8796400000000002, 5.63519, 6.3825400000000005, 5.117430000000001]

[Epoch 67/100]
P1 Score :  9, AI score : 39
Move History : [5, 6, 0, 10, 4, 11, 0, 6, 1, 7, 5, 9, 4, 11, 3, 6, 5, 8, 4, 9, 5, 11, 3, 10, 1, 7, 5, 8, 4, 6, 5, 11, 0, 6, 2, 7, 3, 8, 0, 6, 1, 11, 3, 10, 1, 7, 2, 8, 3, 11, 4, 10, 5]
Score Track : [8.95928, 8.68769, 9.48638, 9.20392, 8.93233, 7.15797, 4.68145, 4.62426, 5.83218, 8.61317, 9.080639999999999, 6.057250000000001, 3.320360000000001, 3.6734600000000004, 5.23824, 5.40263, 0.8034800000000004, 4.50772, 6.41758, 3.1912700000000003, 8.41967, 3.6285800000000004, 2.94294, -11.116999999999999, -11.116999999999999, 10.62415]

[Epoch 68/100]
P1 Score : 19, AI score : 29
Move History : [3, 9, 0, 8, 3, 11, 3, 10, 0, 6, 4, 6, 0, 10, 5, 8, 1, 8, 2, 8, 5, 10, 1, 6, 4, 9, 2, 6, 0, 6, 3, 10, 4, 11, 1, 9, 5, 6, 0, 9, 2, 8, 2, 9, 0, 7, 1, 10, 3, 9, 1, 10, 0, 11, 4, 7, 0, 9, 3, 10, 4, 11, 1, 6, 0, 8, 4, 10, 0, 7, 5, 9, 1, 8, 4, 7, 3, 6, 0, 7, 5, 6, 4, 9, 1, 7, 2, 8, 5, 9, 4, 7, 1, 8, 0, 9, 5, 6, 3, 7, 2, 8, 1, 9, 2, 10, 1, 7, 2, 8, 0, 10, 4, 6, 5, 6, 1, 7, 2, 8, 3, 6, 5, 9, 4, 10, 5]
Score Track : [8.95928, 12.75441, 8.106190000000002, 3.6410200000000006, -1.1400499999999987, 11.45107, 11.14555, 8.30172, 13.033180000000002, 12.42214, 12.75092, 13.912320000000001, 14.076710000000002, 15.92026, 17.62135, 16.05657, 25.497619999999998, 6.2448999999999995, 15.55416, 15.248640000000002, 10.055109999999999, 12.74293, 6.36997, 8.91276, 1.1042100000000001, 2.84272, 0.7052600000000004, 3.90602, -4.908429999999999, -0.1403399999999997, 4.45638, 1.8189600000000001, 2.0638, 5.3157499999999995, 5.01023, 7.731590000000001, 8.44634, 7.731590000000001, 7.731590000000001, 7.42607, 7.75485, 8.4696, 7.8353, 10.262920000000001, 8.565819999999999, 9.1576, 8.85208, 9.627510000000001, 10.5334, 9.627510000000001, 9.321990000000001, 9.321990000000001, 10.73172, 10.67104, 11.14095, 7.012650000000001, 11.46973, 10.83543, 13.30063, 13.30063, 13.30063, 13.30063, 13.30063]

[Epoch 69/100]
P1 Score : 36, AI score : 12
Move History : [4, 6, 3, 6, 4, 8, 1, 11, 3, 9, 3, 6, 4, 6, 2, 7, 4, 10, 2, 6, 0, 6, 2, 7, 4, 7, 1, 11, 4, 8, 3, 8, 0, 9, 5, 6, 3, 11, 0, 10, 0, 9, 3, 11, 2, 9, 1, 10, 2, 11, 4, 8, 2, 11, 3, 7, 2, 6, 1, 10, 5, 6, 0, 10, 2, 6, 4, 6, 1, 7, 2, 8, 5, 6, 3, 6, 4, 11, 3, 7, 1, 9, 5]
Score Track : [10.52406, 14.43601, 12.59964, 13.65362, 4.26155, 5.09417, 5.587339999999999, 7.124040000000001, 7.7583400000000005, 4.38621, 5.96982, 6.7216000000000005, 9.02345, 0.46991000000000005, -22.233999999999998, 2.2084200000000003, 0.9555899999999999, 7.9227300000000005, 5.580360000000001, 6.986400000000001, 4.514670000000001, 8.28195, 3.90602, 11.37306, 9.41186, 5.4708, 4.07041, 3.60399, 4.78116, 4.64752, 7.80619, 11.14103, 11.85578, 11.07339, 11.15384, 17.892200000000003, 14.76264, 16.43019, 16.43019, 3.9667000000000003, 4.43661]

[Epoch 70/100]
P1 Score : 36, AI score : 12
Move History : [0, 7, 1, 9, 5, 7, 1, 9, 3, 6, 5, 6, 4, 11, 1, 10, 5, 8, 3, 7, 0, 6, 0, 7, 2, 9, 2, 6, 5, 8, 4, 10, 2, 8, 1, 6, 4, 11, 3, 10, 4, 8, 5, 9, 2, 6, 1, 8, 4, 7, 1, 8, 3, 9, 5, 8, 0, 10, 4, 9, 1, 11, 5, 10, 1, 11]
Score Track : [11.818080000000002, 12.94206, 16.02028, 15.71476, 10.72105, 10.885440000000001, 13.6068, 7.83294, 5.04377, 7.181229999999999, 7.62949, 10.057110000000002, 10.502960000000002, 11.43929, 13.855130000000003, 15.365079999999999, 15.09349, 14.318060000000001, 14.318060000000001, 7.0668500000000005, 7.61721, 8.0994, 9.983039999999999, 11.274899999999999, 11.274899999999999, 11.43929, 6.39961, 10.238159999999999, 10.650879999999999, 8.58971, 10.97446, -10.005299999999998, -7.3288199999999994]

[Epoch 71/100]
P1 Score : 15, AI score : 33
Move History : [2, 6, 1, 7, 0, 8, 5, 6, 3, 11, 3, 8, 2, 9, 4, 6, 2, 8, 5, 6, 0, 11, 3, 7, 0, 10, 0, 11, 2, 6, 3, 6, 1, 8, 4, 6, 2, 10, 3, 8, 0, 11, 5, 7, 4, 8, 3, 9, 4, 7, 0, 8, 3, 11, 0, 9, 3, 10, 3, 11, 4, 9, 2, 8, 1, 9, 5, 7, 0, 6, 4, 10, 3, 11, 2, 9, 1, 7, 4, 10, 5, 6, 3, 11]
Score Track : [10.52406, 12.59964, 13.06955, 11.10702, 13.663989999999998, 6.63087, 6.08051, 6.358890000000001, 8.90907, 10.15203, 12.464160000000001, 6.68088, 2.795420000000001, 10.667349999999999, 5.38902, 6.26816, 11.67162, 14.01982, 9.01996, 8.657250000000001, 13.22113, 10.418790000000001, 7.01684, 9.50514, 6.3825400000000005, 4.24508, 4.52934, 3.2286900000000003, 3.08756, -0.5688299999999997, 2.8659800000000004, -8.8936, -8.8936, 3.1912700000000003, 5.39969, 4.92978, 4.45638, 2.6981, 2.86249, -2.0996299999999994, 3.57724, 3.25333]

[Epoch 72/100]
P1 Score : 31, AI score : 17
Move History : [4, 9, 1, 6, 4, 11, 2, 6, 5, 6, 2, 7, 2, 11, 1, 10, 1, 6, 3, 6, 5, 6, 2, 9, 3, 10, 2, 7, 4, 9, 5, 11, 1, 8, 3, 9, 5, 11, 2, 6, 3, 7, 0, 8, 4, 6, 0, 7, 1, 10, 2, 8, 1, 9, 5, 10, 2, 11, 1, 7, 4, 8, 5, 11, 2, 9, 0, 11, 3, 6, 0, 11, 4, 9, 5]
Score Track : [10.52406, 9.75797, 13.304770000000001, 4.48313, 7.0668500000000005, 6.95965, 9.278210000000001, 4.009630000000001, 4.1287, 8.22476, 8.55354, 8.55354, 11.12229, 9.325479999999999, 12.200560000000001, 11.20124, 7.553860000000001, 2.491590000000001, 7.44933, 3.1443600000000003, 4.9763, 8.804310000000001, 5.15646, 4.04476, 6.356890000000002, -13.443169999999999, -15.00795, 9.24503, 3.8301800000000013, 1.8189600000000001, 5.20966, -6.77297, -2.98479, -2.98479, 3.3556600000000003, 2.94294, 2.64091]

[Epoch 73/100]
P1 Score : 22, AI score : 26
Move History : [2, 8, 1, 7, 2, 9, 0, 6, 3, 6, 2, 9, 5, 11, 1, 10, 2, 9, 4, 10, 3, 11, 3, 6, 1, 9, 5, 6, 4, 8, 3, 9, 0, 8, 5, 9, 2, 6, 1, 7, 1, 11, 3, 8, 2, 11, 4, 11, 3, 8, 5, 6, 1, 8, 2, 11, 4, 7, 1, 11, 3, 8, 0, 9, 5, 10, 2, 7, 1, 8, 4, 8, 5, 6, 3, 11, 5, 7, 4, 10, 3, 11, 0, 8, 5, 9, 1, 10, 3, 11, 1, 7, 4, 6, 0, 7, 5, 6, 1, 7, 2, 9, 3, 10, 4, 7, 5]
Score Track : [10.52406, 9.12367, 10.00281, 13.96951, 13.81904, 13.61398, 15.22046, 7.27909, 9.41186, 8.55005, 9.035730000000001, 3.3639399999999995, 2.9260100000000007, 4.520159999999999, 4.68455, 8.71793, 10.56015, 10.888930000000002, 11.928970000000001, 12.17381, 13.81904, 6.0711699999999995, 7.2545, 7.63698, 6.757840000000001, 8.74119, 10.00045, 26.60126, 8.61533, 6.26816, 5.38902, 5.55341, 6.08184, 0.870950000000001, -13.896249999999998, 4.913309999999999, 8.423079999999999, 6.21466, 2.0563100000000003, -7.226049999999999, 4.761900000000001, 1.4826900000000003, 0.07096000000000036, 5.929810000000001, -0.7613899999999996, 1.7385100000000002, 3.3930800000000003, 3.55747, 2.39607, 5.929810000000001, 5.929810000000001, 8.60629, 7.041510000000001]

[Epoch 74/100]
P1 Score : 13, AI score : 35
Move History : [1, 6, 2, 8, 4, 8, 0, 7, 3, 8, 5, 7, 0, 6, 2, 7, 4, 11, 3, 7, 4, 8, 0, 9, 2, 6, 1, 6, 5, 8, 0, 11, 0, 6, 4, 6, 3, 10, 5, 7, 2, 11, 1, 8, 0, 9, 2, 11, 3, 6, 1, 11, 0, 7, 4, 9, 1, 6, 3, 7, 4, 9, 2, 8, 3, 9, 5, 6, 4, 6, 5]
Score Track : [8.08014, 11.2097, 9.75797, 9.34874, 11.90571, 16.57197, 17.18997, 15.05251, 14.8428, 11.035990000000002, 8.4159, 8.580290000000002, 4.8147, 6.81852, 7.25101, 8.90907, 5.801740000000001, 5.32834, 5.32834, 13.30063, 5.49991, 4.05064, -1.1034199999999998, 4.601000000000001, 5.0709100000000005, 2.3681700000000006, 2.0638, 2.14774, 9.38868, 9.38868, -2.655479999999999, 9.38868, 9.38868, 9.38868, 9.38868]

[Epoch 75/100]
P1 Score : 14, AI score : 34
Move History : [5, 11, 1, 10, 2, 8, 4, 7, 3, 7, 0, 6, 5, 8, 1, 10, 2, 7, 3, 9, 3, 11, 3, 6, 2, 7, 0, 9, 1, 10, 4, 9, 2, 6, 3, 8, 0, 7, 4, 8, 5, 6, 2, 8, 1, 11, 5, 6, 2, 10, 4, 9, 3, 7, 4, 9, 5]
Score Track : [8.95928, 6.019830000000001, 7.970580000000001, 8.81459, 8.986030000000001, 15.87382, 11.27623, 9.45594, 13.55576, 12.841009999999999, 10.22439, 3.3556600000000003, 2.94294, -9.88153, -11.219769999999999, 2.86249, 5.37405, 7.98236, 5.564080000000001, -7.102279999999999, 3.12659, 6.85489, 11.63308, 2.64091, 4.410970000000001, 5.1420200000000005, 5.6643, 10.17107]

[Epoch 76/100]
P1 Score : 31, AI score : 17
Move History : [4, 6, 3, 6, 1, 7, 2, 7, 5, 6, 0, 10, 0, 9, 1, 8, 1, 7, 2, 11, 3, 11, 0, 7, 5, 7, 1, 6, 2, 9, 2, 8, 1, 7, 0, 10, 0, 9, 4, 11, 3, 7, 0, 6, 1, 8, 4, 11, 1, 10, 5, 10, 0, 7, 2, 11, 4, 6, 0, 8, 0, 7, 5, 6, 1, 10, 2, 9, 2, 6, 3, 6, 1, 7, 0, 9, 1, 10, 0, 11, 3, 8, 4, 6, 5, 10, 1, 7, 2, 7, 5]
Score Track : [10.52406, 14.43601, 11.81725, 8.95928, 12.01291, 11.70739, 15.391830000000002, 10.203920000000002, 10.92965, 10.939139999999998, 7.625500000000001, 4.39919, 6.12836, 3.40497, 2.82786, 4.761900000000001, 7.81553, 7.54355, 7.5672, 10.12417, 5.67128, 4.8883600000000005, 7.70115, 2.4902900000000003, 4.872590000000001, 7.510009999999999, 7.20449, 7.013350000000001, 3.69821, 1.5607500000000005, 4.74174, 2.9097999999999997, 17.109810000000003, 5.3962, 8.423079999999999, 7.58697, 12.03298, 5.6341600000000005, 4.85177, 1.4097300000000001, -3.8699499999999993, 2.75129, 3.0745800000000005, 2.9354500000000003, 1.3592400000000007]

[Epoch 77/100]
P1 Score : 21, AI score : 27
Move History : [4, 6, 5, 11, 4, 9, 3, 8, 2, 6, 0, 7, 4, 10, 4, 11, 0, 6, 3, 6, 1, 6, 2, 6, 5, 11, 2, 8, 1, 6, 4, 6, 5, 11, 3, 7, 5, 9, 3, 6, 1, 11, 2, 8, 4, 7, 5, 7, 0, 8, 5, 6, 3, 6, 2, 7, 3, 8, 1, 10, 4, 11, 5, 6, 3, 7, 4, 8, 5]
Score Track : [10.52406, 10.688450000000001, 8.63992, 8.630300000000002, 3.85162, 3.85162, 9.78821, 8.24802, 5.19788, 6.7626599999999994, 8.69711, 4.78516, 7.781599999999999, 28.166040000000002, 5.916119999999999, 6.5736799999999995, 6.7380700000000004, 6.26816, 8.581620000000001, 6.65064, 8.554870000000001, 6.45714, 7.5006699999999995, 5.05675, 4.32902, 3.778660000000001, 5.22114, 6.5808599999999995, 6.27534, 5.96982, 0.4740800000000007, 7.041510000000001, 7.041510000000001, 7.041510000000001]

[Epoch 78/100]
P1 Score : 11, AI score : 37
Move History : [0, 7, 4, 10, 1, 8, 1, 6, 4, 7, 2, 11, 0, 6, 5, 11, 3, 6, 4, 11, 5, 9, 0, 11, 4, 8, 4, 10, 3, 7, 0, 10, 1, 6, 3, 6, 5, 9, 4, 11, 2, 6, 1, 7, 0, 9, 1, 10, 1, 8, 0, 11, 1, 9, 4, 6, 3, 7, 1, 9, 0, 10, 1, 8, 0, 10, 2, 9, 5, 11, 0, 7, 4, 10, 0, 6, 1, 8, 0, 11, 0, 7, 5, 10, 1, 6, 2, 9, 5, 10, 4, 6, 3, 8, 2, 7, 4, 9]
Score Track : [11.818080000000002, 12.53283, 16.57064, 18.618140000000004, 16.10658, 15.80106, 4.76539, 6.852449999999999, 9.46076, 10.24315, 9.56211, 8.137129999999999, 5.16624, 8.77276, 13.62104, 6.09079, 20.23937, 8.447280000000001, 10.79445, 11.856810000000001, 9.190280000000001, 10.17795, -8.316749999999999, 5.17113, -10.66392, -10.66392, -13.340399999999999, 5.72847, 5.42295, 6.137700000000001, 5.83218, 7.0740300000000005, 6.0537600000000005, 7.25819, 10.030890000000001, 4.75605, 3.1912700000000003, 3.04065, 8.07144, 6.22164, 4.15784, 4.32223, 5.01372, -0.4110799999999992, 3.82208, 7.54394, 6.37905, 5.49991, 5.6643]

[Epoch 79/100]
P1 Score : 35, AI score : 13
Move History : [3, 10, 1, 11, 3, 6, 4, 8, 1, 6, 0, 10, 5, 7, 0, 6, 2, 6, 3, 7, 5, 6, 1, 11, 1, 10, 5, 11, 0, 9, 0, 10, 1, 6, 4, 6, 5, 8, 5, 7, 4, 11, 2, 6, 1, 11, 5, 9, 2, 10, 0, 6, 4, 11, 0, 6, 2, 7, 3, 11, 0, 9, 5, 10, 4, 9, 1, 9, 2, 7, 4, 10, 0, 11, 0, 8, 5, 6, 3, 9, 1, 11, 2, 10, 5]
Score Track : [8.95928, 9.593580000000001, 7.54505, 8.752970000000001, 6.89897, 6.9329, 11.60368, 10.99264, 13.469160000000002, 15.53429, 13.02251, 12.586530000000002, 6.59694, 7.452820000000001, 6.103770000000001, 6.3825400000000005, 8.49768, 6.473269999999999, 7.352409999999999, 7.33864, 10.311819999999999, 5.774990000000001, 6.019830000000001, 6.8792, 3.9375600000000004, 4.45638, 8.01147, 3.8255700000000004, 6.7380700000000004, -14.55487, -14.55487, 3.0926600000000004, 6.76851, 2.92317, 2.92317, 2.92317, 3.6379200000000003, 2.7587800000000002, 3.74163, 3.90602, 4.13109, 3.706410000000001]

[Epoch 80/100]
P1 Score : 25, AI score : 23
Move History : [3, 9, 0, 8, 4, 10, 3, 8, 1, 9, 4, 10, 3, 11, 5, 10, 2, 10, 5, 9, 1, 6, 4, 6, 0, 10, 5, 11, 0, 6, 3, 6, 1, 8, 1, 7, 1, 9, 4, 6, 3, 7, 1, 8, 2, 9, 4, 10, 4, 7, 5, 7, 1, 11, 2, 6, 0, 10, 1, 11, 3, 6, 4, 10, 5, 11, 2, 6, 3, 7, 0, 11, 2, 8, 2, 7, 4, 9, 4, 6, 2, 10, 2, 8, 0, 7, 1, 6, 4, 9, 2, 11, 1, 7, 4, 10, 2, 11, 4, 8, 3, 10, 5, 6, 2, 7, 1, 8, 2, 9, 2, 10, 3, 11]
Score Track : [8.95928, 12.75441, 11.688559999999999, 11.76338, 14.85109, 11.982669999999999, 14.262200000000002, 7.032610000000001, 5.274330000000001, 6.15347, 8.14431, 9.187840000000001, 10.888930000000002, 8.790890000000001, 8.91483, 10.434289999999999, 10.12877, 9.239180000000001, 8.38915, 8.77512, 8.77512, -18.343049999999998, 8.244530000000001, 8.748370000000001, 7.715119999999999, 8.69797, 9.024750000000001, 3.8255700000000004, 6.25319, 6.65413, 5.33901, 9.579740000000001, 7.510009999999999, 10.75855, 5.916119999999999, 6.714810000000001, 5.83567, 6.00006, 6.16445, 6.93639, 6.93639, 7.15797, 5.411969999999999, 6.21815, 6.3825400000000005, 7.342130000000001, 3.32491, 3.32491, 2.45805, 2.62993, 5.29011, 5.37405, 7.6372800000000005, 3.150560000000001, 3.150560000000001, -3.2113299999999994, -0.5348499999999996]

[Epoch 81/100]
P1 Score : 29, AI score : 19
Move History : [5, 7, 3, 11, 0, 10, 1, 6, 2, 6, 5, 9, 1, 8, 0, 10, 3, 6, 0, 7, 4, 7, 3, 8, 1, 9, 2, 10, 2, 11, 2, 8, 5, 6, 0, 6, 2, 7, 3, 9, 5, 8, 1, 6, 5, 6, 3, 11, 3, 7, 4, 10, 0, 8, 3, 10, 1, 6, 3, 9, 1, 11, 5, 6, 2, 7, 4, 7, 0, 6, 1, 8, 3, 7, 5, 6, 2, 10, 4, 6, 0, 8, 5, 11, 1, 6, 0, 9, 1, 7, 3, 11, 1, 10, 4, 9, 2, 8, 5, 11, 0, 6, 3, 7, 4, 10, 1, 6, 5, 8, 2, 11, 0, 6, 3, 7, 1, 9, 2, 10, 0, 8, 1, 9, 3, 11, 0, 10, 5, 6, 4, 7, 1, 11, 3, 6, 5, 7, 4, 8, 5]
Score Track : [8.95928, 11.71088, 7.972740000000001, 5.25507, 5.587339999999999, 9.358160000000002, 5.64453, 4.94955, 7.87272, 8.03711, 9.68581, 2.5046, 10.617339999999999, 9.83842, 9.895610000000001, 3.6611800000000003, 7.54505, 7.2967200000000005, 7.26517, 5.6106, 10.71306, 8.06037, 8.22476, 5.580360000000001, 2.0638, 5.28182, 3.42662, 5.72847, 11.63308, 15.6478, 6.90964, 4.02738, 2.14774, 2.92317, 3.3930800000000003, 5.929810000000001, 8.60629, 7.041510000000001, 7.041510000000001, 2.86249, 4.50772, 3.57724, 2.6981, 2.94294, 4.36503, -5.002649999999999, -0.9879299999999995, 5.47673, 5.47673, 5.47673, 1.8189600000000001, 2.0638, 1.9833500000000002, 2.6981, 2.6981, 5.47673, 1.65457, 2.0638, -3.8909499999999997, -1.2144699999999997, 3.88276, 1.4620100000000003, -3.8909499999999997, -3.8909499999999997, 3.0643000000000002, 3.00362, 5.47673, 0.6343000000000001, 1.8189600000000001, 1.8189600000000001]

[Epoch 82/100]
P1 Score : 19, AI score : 29
Move History : [2, 6, 0, 7, 0, 11, 0, 8, 5, 8, 0, 9, 3, 6, 1, 9, 4, 11, 5, 7, 3, 10, 4, 6, 3, 10, 4, 8, 1, 10, 2, 6, 5, 6, 0, 9, 1, 10, 3, 7, 2, 9, 1, 8, 4, 8, 5, 9, 0, 11, 3, 6, 1, 7, 3, 8, 5, 9, 4, 10, 2, 11]
Score Track : [10.52406, 10.25247, 13.17564, 8.68319, 8.35871, 8.76794, 5.7178, 6.429060000000001, 10.863290000000001, 7.44348, 19.45698, 13.65094, 20.34214, 20.34214, 8.90342, 11.363640000000002, 11.460390000000002, 13.888009999999998, 11.87896, 12.123800000000001, 2.3495500000000002, 3.9143300000000005, 11.982669999999999, 11.73434, 11.73434, 3.82906, 14.86541, 14.86541, 10.85069, 4.272220000000001, 4.51706]

[Epoch 83/100]
P1 Score :  7, AI score : 41
Move History : [5, 6, 3, 11, 2, 9, 0, 8, 5, 6, 0, 11, 0, 7, 4, 6, 0, 11, 2, 10, 3, 9, 1, 8, 3, 9, 2, 11, 0, 7, 0, 6, 4, 6, 1, 7, 2, 8, 5, 6, 4, 6, 1, 9, 5, 6, 2, 11, 5, 8, 2, 10, 4, 6, 1, 7, 3, 10, 2, 8, 3, 7, 4, 7, 0, 6, 4, 7, 5, 9, 3, 10, 0, 7, 5, 7, 1, 7, 4, 6, 3, 9, 2, 6, 5, 10, 3, 8, 1, 10, 0, 9, 4, 6, 5, 6, 1, 7, 1, 8, 0, 10, 0, 9, 3, 10, 2, 7, 1, 8, 3, 9, 4, 7, 5, 10, 0, 8, 2, 6, 1, 9, 2, 7, 3, 9, 5, 10, 0, 11]
Score Track : [8.95928, 12.08884, 4.56358, 12.13671, 7.8387899999999995, 7.53327, 5.774990000000001, 7.47608, 7.392140000000001, 4.82258, 6.9679400000000005, 8.437, 8.60139, 8.08014, 3.6844400000000004, 7.26517, 9.68345, 10.80529, 8.229190000000001, 6.97942, 10.27337, 11.4687, 10.724540000000001, 13.22698, 4.67078, 4.50639, 5.17462, 7.0483899999999995, 6.93639, 4.63105, 8.30521, 4.153650000000001, 8.530280000000001, 8.80667, 9.24154, 8.85557, 6.62668, 6.95546, 16.327420000000004, 12.3127, 16.327420000000004, 17.665660000000003, 11.10353, 11.65389, 11.65389, 12.36864, 14.51638, 14.986289999999999, 15.15068, 4.696720000000001, 4.86111, 16.11027, 8.26811, 16.825020000000002, 18.77736, 14.76264, 18.77736, 17.09312, 17.64348, 16.76434, 17.00918, 18.77736, 18.77736, 18.77736, 18.992530000000002]

[Epoch 84/100]
P1 Score : 19, AI score : 29
Move History : [0, 10, 5, 7, 1, 9, 0, 11, 4, 7, 3, 7, 2, 6, 1, 7, 2, 10, 2, 9, 2, 11, 2, 8, 2, 6, 3, 10, 1, 7, 3, 9, 5, 8, 1, 11, 2, 7, 0, 6, 5, 9, 0, 8, 1, 10, 4, 6, 0, 8, 5, 9, 1, 10, 0, 6, 2, 11, 3, 9, 5, 6, 4, 6, 5, 6, 0, 7, 2, 8, 4, 9, 0, 10]
Score Track : [11.818080000000002, 9.18086, 9.650770000000001, 10.22439, 7.94599, 7.724410000000001, 11.166450000000001, 7.7583400000000005, 8.087119999999999, 7.81553, 7.87272, 0.7782200000000001, 5.564080000000001, 4.29548, 4.13109, 3.3556600000000003, 1.4193100000000012, 5.73526, 4.84933, 6.55042, 6.386030000000001, 6.93639, 4.475639999999999, 2.3830899999999997, 2.5474800000000006, 4.15784, 5.01372, -2.629839999999999, 4.62077, 5.4708, 4.07041, 4.07041, 4.07041, 6.95164, -6.2171199999999995, 1.5857800000000002, 1.5857800000000002]

[Epoch 85/100]
P1 Score : 32, AI score : 16
Move History : [2, 7, 3, 8, 5, 11, 4, 9, 1, 10, 3, 7, 2, 9, 3, 11, 4, 6, 2, 7, 0, 8, 4, 11, 5, 8, 0, 6, 1, 11, 5, 10, 4, 11, 2, 9, 0, 10, 2, 11]
Score Track : [10.52406, 10.58341, 10.5902, 12.04559, 7.970050000000001, 3.7464200000000005, 5.9577800000000005, 10.27922, 1.7665600000000006, -0.2242799999999998, 2.6981, -9.88153, 5.67128, 3.6749500000000004, 11.63308, -3.314099999999999, -6.2171199999999995, -6.2171199999999995, -7.781899999999999, -3.7671799999999998]

[Epoch 86/100]
P1 Score : 18, AI score : 30
Move History : [0, 11, 2, 6, 1, 7, 5, 6, 4, 6, 0, 10, 0, 8, 3, 11, 0, 10, 4, 11, 5, 6, 3, 10, 5, 7, 1, 9, 3, 6, 0, 10, 2, 6, 1, 9, 5, 6, 3, 11, 2, 6, 5, 8, 1, 6, 0, 7, 1, 11, 0, 8, 1, 9, 4, 9, 1, 6, 3, 9, 5, 6, 2, 8, 5, 11, 4, 6, 0, 7, 3, 9, 5, 10, 3, 8, 2, 9, 1, 6, 2, 8, 3, 7, 4, 6, 5]
Score Track : [11.818080000000002, 5.4427200000000004, 5.4427200000000004, 5.06024, 7.47608, 7.94599, 7.040100000000001, 8.587079999999998, 6.95247, 8.33196, 6.788080000000001, 3.66428, 6.7380700000000004, 6.90964, 8.27261, 8.024280000000001, 9.18086, 16.13843, 13.35395, 17.01757, 12.6767, 5.63519, 4.07041, 3.82208, -16.22242, -18.898899999999998, -18.898899999999998, 6.63087, 6.63087, 7.124040000000001, 7.26517, 9.39423, 8.14564, 7.635949999999999, 10.39606, 8.52576, 15.6478, 6.37905, 5.6643, 3.3771000000000004, 3.3771000000000004, 7.391820000000001, 10.17107]

[Epoch 87/100]
P1 Score : 23, AI score : 25
Move History : [4, 6, 3, 6, 1, 11, 2, 6, 0, 9, 4, 6, 0, 7, 1, 9, 5, 9, 4, 7, 3, 10, 5, 6, 4, 8, 0, 6, 2, 6, 4, 10, 3, 9, 5, 9, 4, 10, 5, 6, 1, 9, 4, 10, 2, 7, 3, 11, 2, 9, 5, 7, 0, 6, 1, 11, 0, 10, 3, 9, 0, 6, 4, 6, 5, 9, 1, 6, 2, 7, 0, 8, 3, 11, 1, 10, 5, 7, 3, 6, 5, 6, 4, 6, 5, 6, 0, 7, 3, 9, 4, 11, 2, 6, 4, 10, 5, 6, 3, 11, 0, 7, 1, 8, 2, 9, 3, 10, 4, 6, 5]
Score Track : [10.52406, 14.43601, 11.81725, 4.56358, 4.29199, 5.774990000000001, 5.19788, 5.60711, 7.20449, 6.23392, 7.368880000000001, 11.853340000000001, 10.412859999999998, 8.46611, 8.30172, 8.30172, 6.462290000000001, 10.613850000000001, 10.613850000000001, 11.49299, 11.57344, 11.57344, 12.123800000000001, 6.2615, 7.721220000000001, 4.39919, 4.2348, 3.82208, 2.94294, 5.1420200000000005, 5.30641, 4.84584, 5.72498, 5.72498, 5.72498, 6.35928, 5.6643, 2.7015900000000004, 4.35616, 4.43661, 4.601000000000001, 3.08756, 3.25195, 3.41634, -6.6701999999999995, -6.6701999999999995, -1.2144699999999997, 5.47673, 2.34717, 2.34717, 1.65457, 2.34717, 2.34717, 2.34717, 2.34717]

[Epoch 88/100]
P1 Score : 16, AI score : 32
Move History : [5, 7, 3, 11, 5, 10, 1, 6, 3, 8, 5, 11, 2, 10, 3, 6, 1, 7, 5, 6, 3, 11, 1, 7, 2, 8, 0, 7, 2, 8, 4, 11, 3, 7, 5, 9, 1, 6, 2, 7, 3, 10, 5, 11, 4, 8, 4, 9, 0, 10, 0, 11, 5, 7, 1, 6, 0, 9, 5, 7, 1, 6, 2, 11, 1, 7, 4, 6, 5, 6, 3, 6, 2, 7, 4, 10, 3, 8]
Score Track : [8.95928, 11.71088, 5.976410000000001, 8.11038, 8.11038, 9.2111, 4.52216, 7.53327, 7.063360000000001, 8.10689, 7.22775, 6.82201, 7.20798, 9.731020000000001, 10.61016, 6.6301700000000015, 5.0263100000000005, 5.683870000000001, 6.81503, 7.460000000000001, 6.81503, 6.60412, 4.76539, 4.154350000000001, 5.99308, 6.54344, 5.4708, 4.78516, 4.701219999999999, 7.15797, 13.30063, 13.30063, 2.0638, 3.1912700000000003, 3.3556600000000003, 6.58197, 5.38686, 4.2348, 6.80355]

[Epoch 89/100]
P1 Score : 36, AI score : 12
Move History : [0, 7, 3, 9, 1, 6, 5, 8, 3, 6, 0, 9, 0, 10, 2, 10, 4, 6, 2, 7, 3, 6, 1, 10, 2, 8, 0, 6, 3, 11, 3, 6, 2, 7, 4, 11, 5, 11, 1, 8, 0, 10, 3, 6, 0, 11, 0, 7, 4, 9, 4, 7, 3, 11, 2, 7, 4, 9, 3, 8, 2, 10, 1, 10, 2, 8, 5, 7, 0, 11, 4, 7, 1, 6, 0, 7, 1, 8, 4, 9, 1, 10, 3, 6, 5, 11, 2, 10, 4, 8, 1, 6, 2, 9, 5, 6, 0]
Score Track : [11.818080000000002, 11.15703, 12.79477, 10.483, 13.6068, 15.613410000000002, 16.16377, 14.4557, 18.561149999999998, 18.47721, 17.50933, 16.21398, 19.111510000000003, 17.498350000000002, 16.76434, 2.41184, 4.7082, 6.3288400000000005, 5.07052, 5.801740000000001, 6.22164, 5.446210000000001, 7.7583400000000005, 4.16812, 1.401850000000001, 3.92528, 3.4553700000000003, 5.67128, 4.48662, 3.27521, 4.872590000000001, 6.68806, 6.37905, 7.58697, 7.42258, 2.25773, 5.4708, 5.38686, -13.443169999999999, -16.11965, -16.11965, 8.44634, 8.11756, 5.39969, 3.95372, 3.2389700000000006, 6.27883, -3.314099999999999]

[Epoch 90/100]
P1 Score : 14, AI score : 34
Move History : [3, 9, 4, 9, 1, 10, 0, 7, 5, 6, 2, 10, 1, 8, 1, 11, 1, 10, 2, 6, 5, 7, 2, 6, 1, 9, 4, 9, 3, 9, 2, 6, 0, 6, 4, 10, 2, 11, 2, 7, 2, 10, 1, 8, 1, 10, 4, 9, 5, 9, 2, 11, 3, 10, 5, 9, 0, 7, 1, 10, 3, 11]
Score Track : [8.95928, 11.71088, 9.922360000000001, 11.62478, 12.66831, 13.02969, 13.25127, 10.636410000000001, 4.64752, 4.48313, 6.04791, 4.15714, 5.52666, 7.795210000000002, 8.906380000000002, 7.999690000000001, 8.244530000000001, 8.244530000000001, 8.13733, 3.74163, 6.55042, -12.660779999999999, -12.660779999999999, -16.6755, 10.28856, 9.959779999999999, 6.59827, 2.3796000000000004, 5.6643, 4.78516, 5.33552]

[Epoch 91/100]
P1 Score :  9, AI score : 39
Move History : [5, 9, 0, 10, 1, 6, 5, 10, 3, 9, 4, 7, 2, 7, 4, 10, 5, 8, 1, 9, 4, 6, 5, 6, 1, 7, 0, 9, 5, 10, 2, 7, 3, 8, 4, 9, 5]
Score Track : [8.95928, 12.300270000000001, 13.21977, 11.983770000000002, 9.12646, 15.1435, 15.44553, 17.03942, 19.60817, 17.81485, 14.152970000000002, 17.4219, 19.573130000000003, 19.90191, 14.79955, 19.56615, 22.695710000000002, 20.34214]

[Epoch 92/100]
P1 Score : 34, AI score : 14
Move History : [0, 9, 2, 6, 3, 8, 4, 7, 3, 11, 4, 8, 1, 10, 5, 9, 2, 10, 0, 7, 0, 10, 1, 11, 2, 6, 1, 9, 5, 6, 2, 7, 3, 11, 5, 10, 2, 8, 2, 11, 5, 9, 0, 11, 0, 10, 3, 11, 4, 9, 0, 10, 3, 11]
Score Track : [11.818080000000002, 10.00281, 16.05554, 14.79146, 13.52635, 3.5728500000000003, 6.442829999999999, 13.1872, 8.79838, 11.52803, 12.48282, 9.895610000000001, 3.74163, 3.82208, 5.774990000000001, 5.8089200000000005, 5.5034, 3.58073, 4.601000000000001, 3.57724, -12.2287, -12.2287, -12.2287, 1.65457, -7.226049999999999, -7.226049999999999, -7.226049999999999]

[Epoch 93/100]
P1 Score : 24, AI score : 24
Move History : [1, 7, 4, 8, 5, 6, 0, 6, 4, 7, 3, 9, 0, 10, 5, 6, 2, 8, 2, 11, 5, 10, 0, 9, 5, 6, 3, 6, 1, 7, 3, 8, 4, 7, 0, 6, 5, 9, 2, 11, 0, 7, 1, 9, 2, 6, 3, 7, 5, 11, 0, 6, 1, 7, 4, 8, 1, 11, 2, 7, 5, 8, 3, 9, 5, 10, 2, 6, 5, 8, 0, 6, 1, 7, 4, 6, 5, 7, 2, 11, 4, 8, 3, 6, 1, 7, 2, 9, 3, 10, 4, 6, 5]
Score Track : [8.08014, 10.993970000000001, 15.885000000000002, 16.21378, 16.76414, 15.170250000000003, 13.80473, 13.740949999999998, 17.65046, 18.030579999999997, 7.1107000000000005, 6.16096, 6.68806, 7.3737, 3.7554000000000003, 7.1323300000000005, 7.92952, 8.01346, 8.50663, 10.6406, 6.8303, 7.7607800000000005, 15.545029999999999, 15.545029999999999, 15.545029999999999, 4.40268, 4.40268, 4.73146, 4.89585, 8.400750000000002, 3.16801, 3.16801, 3.29847, 5.3962, 5.56059, 6.44322, 6.137700000000001, 5.14742, 7.8239, 1.1327000000000003, 3.6986, 1.8189600000000001, 2.0638, 1.1327000000000003, 6.25912, -0.4320799999999996]

[Epoch 94/100]
P1 Score : 16, AI score : 32
Move History : [2, 6, 1, 8, 4, 8, 1, 7, 1, 6, 5, 7, 2, 9, 4, 7, 2, 11, 5, 6, 0, 6, 2, 10, 3, 9, 2, 10, 3, 11, 5, 9, 4, 8, 1, 10, 4, 9, 5, 10, 1, 11, 2, 7, 5, 11, 2, 9, 3, 6, 3, 7, 0, 6, 2, 7, 5, 6, 1, 7, 4, 9, 4, 10, 5, 6, 3, 8, 5, 11, 0, 6, 4, 7, 5, 10, 0, 7, 2, 10, 1, 9, 2, 6, 4, 7, 1, 9, 5, 6, 2, 7, 0, 8, 4, 6, 2, 7, 1, 9, 3, 9, 4, 11, 4, 10, 1, 6, 4, 11, 0, 8, 2, 6, 3, 6, 5, 7, 4, 6, 5]
Score Track : [10.52406, 12.59964, 14.45231, 10.06349, 13.304770000000001, 13.48893, 11.3337, 11.845030000000001, 15.08015, 4.334510000000001, 5.446210000000001, 4.334510000000001, 8.69467, 11.82423, 7.23842, 7.81553, 12.64618, 8.47309, 10.42384, 9.1039, 9.81865, 6.42639, 8.47309, 5.3622700000000005, 6.24141, 6.405800000000001, 6.15747, 5.580360000000001, 7.72225, 7.1451400000000005, 8.5768, 8.4696, 8.85557, 11.718060000000001, 11.66087, 5.318850000000001, 6.459300000000001, 7.643960000000001, 9.591220000000002, 1.8268500000000008, 22.586540000000003, 5.11394, 7.830779999999999, -10.21084, 6.0537600000000005, 6.0537600000000005, 8.36589, 9.080639999999999, 9.49231, -11.549079999999998, 8.63399, 8.16408, 2.10083, -1.2787899999999994, -0.3996499999999994, 3.2677199999999997, 3.90602, 4.42727, 4.4598700000000004, 10.95346]

[Epoch 95/100]
P1 Score : 19, AI score : 29
Move History : [0, 11, 4, 6, 2, 6, 5, 6, 0, 7, 2, 8, 0, 11, 1, 9, 2, 7, 0, 8, 4, 11, 0, 9, 1, 11, 0, 10, 2, 11, 4, 8, 5, 8, 3, 6, 2, 10, 5, 7, 3, 11, 2, 9, 4, 6, 0, 7, 1, 8, 4, 10, 3, 11]
Score Track : [11.818080000000002, 5.4427200000000004, 7.0075, 9.109829999999999, 11.72748, 11.421959999999999, 7.20449, 8.35871, 6.5808599999999995, 6.27534, 6.43973, 4.68145, 7.651140000000001, 6.772, 3.57724, 6.172740000000001, 4.99836, 6.41758, 13.19786, 6.18555, 5.49991, 2.86249, 4.43661, 2.2991500000000005, 7.7211300000000005, -1.6465499999999995, 3.4967900000000003]

[Epoch 96/100]
P1 Score : 25, AI score : 23
Move History : [0, 6, 4, 9, 2, 6, 0, 10, 3, 6, 1, 8, 1, 11, 0, 9, 3, 6, 4, 7, 1, 6, 2, 6, 4, 6, 0, 11, 5, 8, 3, 10, 1, 6, 0, 7, 0, 8, 3, 10, 0, 9, 0, 6, 3, 10, 4, 8, 5, 11, 0, 10, 5, 8, 2, 6, 4, 8, 1, 9, 4, 6, 0, 7, 2, 10, 1, 8, 2, 10, 4, 11, 1, 6, 3, 6, 2, 9, 3, 7, 4, 9, 5, 7, 1, 6, 0, 9, 1, 7, 2, 11, 1, 8, 5, 10, 0, 11, 4, 9, 0, 10, 3, 11]
Score Track : [11.818080000000002, 11.10333, 12.04684, 11.74132, 12.5972, 11.35535, 9.41621, 3.0461400000000003, 3.3749200000000004, 4.21946, 5.4427200000000004, 9.68345, 8.997810000000001, 9.33726, 7.5006699999999995, 24.25409, 8.48138, 8.48138, 5.49242, 4.93657, 8.11756, 10.12417, 6.358580000000002, 8.84459, 8.45313, 3.56257, 4.747230000000001, 4.80093, 6.36571, 5.49991, 7.013350000000001, 8.75186, 2.0346900000000003, 9.88612, 9.5806, 11.57693, 1.8189600000000001, 4.4598700000000004, 6.16925, 7.040100000000001, 9.30333, 10.23381, 6.15747, 5.580360000000001, 9.17983, 9.17983, 4.09849, 4.37942, 1.9076900000000006, -0.17936999999999959, 1.28437, -8.33775]

[Epoch 97/100]
P1 Score : 19, AI score : 29
Move History : [3, 6, 0, 9, 3, 10, 0, 7, 4, 7, 3, 8, 0, 11, 1, 9, 4, 6, 3, 11, 5, 10, 1, 11, 4, 7, 3, 6, 4, 8, 0, 9, 0, 10, 5, 9, 0, 11, 0, 8, 1, 7, 5, 11, 4, 8, 2, 6, 5, 6, 4, 7, 5, 9, 0, 11, 3, 10, 1, 7, 3, 8, 3, 9, 0, 6, 1, 7, 2, 10, 4, 11, 2, 9, 4, 11, 1, 6, 3, 10, 0, 8, 2, 7, 3, 6, 4, 6, 5, 6, 0, 7, 2, 8, 3, 10, 2, 11, 1, 9]
Score Track : [8.95928, 8.68769, 14.62707, 12.513259999999999, 14.979109999999999, 14.979109999999999, 15.177430000000001, 4.39919, 5.60711, 6.48625, 8.118670000000002, 5.419460000000001, 4.4362200000000005, 7.0668500000000005, 4.60061, 7.3116900000000005, 8.412410000000001, 10.80499, 9.84191, 3.6197600000000003, 6.04738, 3.6375300000000004, 5.96397, 6.62153, 8.283059999999999, 12.19501, 8.25151, 6.100280000000001, 4.3420000000000005, 3.74163, 3.8023100000000003, 4.76539, 7.48675, 7.181229999999999, 7.42607, 9.76975, 5.37405, 4.07041, 3.1912700000000003, 8.76475, 4.62077, 4.62077, 4.78516, 4.62077, 5.99308, 7.1451400000000005, -5.20819, -3.8699499999999993, 7.86923, -0.5348499999999996]

[Epoch 98/100]
P1 Score : 37, AI score : 11
Move History : [0, 10, 1, 6, 4, 8, 1, 9, 3, 7, 2, 6, 3, 7, 5, 11, 2, 9, 0, 8, 4, 6, 0, 7, 2, 6, 5, 6, 0, 10, 5, 9, 0, 8, 3, 8, 0, 6, 4, 6, 1, 6, 5, 11, 5, 7, 4, 9, 1, 11, 3, 6, 2]
Score Track : [11.818080000000002, 10.74564, 9.016470000000002, 9.48638, 14.686700000000002, 11.818280000000001, 14.8639, 15.20069, 5.7178, 6.137700000000001, 10.09024, 9.78472, 9.23436, 9.89192, 9.64359, 10.564950000000001, 10.14394, 7.756150000000002, 12.326720000000002, 9.979550000000001, 10.059999999999999, 11.060500000000001, 0.2685399999999998, 5.17811, 5.3425, 4.543810000000001]

[Epoch 99/100]
P1 Score : 28, AI score : 20
Move History : [1, 10, 2, 11, 3, 6, 5, 6, 0, 8, 1, 6, 2, 7, 1, 8, 0, 6, 3, 6, 1, 10, 3, 7, 0, 8, 5, 9, 5, 7, 0, 8, 4, 10, 5, 6, 2, 6, 1, 8, 0, 11, 3, 6, 1, 9, 5, 10, 4, 8, 5, 7, 4, 8, 2, 11, 4, 6, 2, 10, 0, 9, 3, 8, 0, 10, 2, 9, 5, 8, 1, 11, 5, 6, 4, 9, 5]
Score Track : [8.08014, 11.52803, 5.52666, 7.94599, 8.580290000000002, 6.00685, 7.53327, 9.68101, 11.160520000000002, 10.502960000000002, 10.19744, 7.15448, 2.62923, 8.031229999999999, 8.423079999999999, 11.82526, 4.68494, 10.27758, 7.64695, 11.460390000000002, 9.73122, 3.1837800000000005, 7.734030000000001, 4.76539, 5.97331, 7.927530000000001, -1.5227799999999991, 5.49991, 1.9833500000000002, 4.410970000000001, 2.94294, 5.01023, 4.5403199999999995, 5.25507, 7.013350000000001, 10.62415, 2.6981, 2.6981]

[Epoch 100/100]
P1 Score :  9, AI score : 39
Move History : [5, 9, 4, 8, 2, 7, 4, 8, 2, 10, 3, 6, 5, 8, 2, 10, 1, 9, 0, 6, 4, 6, 2, 10, 1, 8, 4, 11, 5, 8, 3, 6, 5, 6, 4, 6, 5]
Score Track : [8.95928, 11.092350000000003, 7.198300000000001, 12.586530000000002, 11.467340000000002, 14.40549, 14.734270000000002, 14.402, 14.646840000000001, 14.29131, 16.80287, 15.93654, 23.0748, 17.59807, 22.689310000000003, 22.689310000000003, 22.689310000000003, 22.689310000000003]

P1 wins: 46, Tie :  5, Agent wins : 49